4.3519472522 6.2247748828 13.1466713209 0.0000000000 0.0000000000 0.0000000000 1.0000000000 1.0000000000 1.0000000000 0
5.0848893846 3.9122003212 15.9490238655 0.0000000000 0.0000000000 0.0000000000 1.0000000000 1.0000000000 1.0000000000 1
5.6971946920 2.7767181353 3.7406979074 0.0000000000 0.0000000000 0.0000000000 1.0000000000 1.0000000000 1.0000000000 1
5.9768469292 4.1294502849 3.5467589112 0.0000000000 0.0000000000 0.0000000000 1.0000000000 1.0000000000 1.0000000000 1
6.2645643400 0.8123599742 6.4577371683 0.0000000000 0.0000000000 0.0000000000 1.0000000000 1.0000000000 1.0000000000 0
0.7007232645 6.1523720035 15.5608371536 0.0000000000 0.0000000000 0.0000000000 1.0000000000 1.0000000000 1.0000000000 1
5.2297949333 5.8406501897 4.8830814844 0.0000000000 0.0000000000 0.0000000000 1.0000000000 1.0000000000 1.0000000000 1
5.7650989619 3.4152792970 14.0251046523 0.0000000000 0.0000000000 0.0000000000 1.0000000000 1.0000000000 1.0000000000 1
1.6918606934 5.4917830508 5.4316320719 0.0000000000 0.0000000000 0.0000000000 1.0000000000 1.0000000000 1.0000000000 1
5.4632442080 2.2974410085 10.0437076564 0.0000000000 0.0000000000 0.0000000000 1.0000000000 1.0000000000 1.0000000000 1
3.3187187829 4.2940644111 11.7713902112 0.0000000000 0.0000000000 0.0000000000 1.0000000000 1.0000000000 1.0000000000 0
0.2390925799 1.0205560705 3.2882973855 0.0000000000 0.0000000000 0.0000000000 1.0000000000 1.0000000000 1.0000000000 1
0.9427727519 5.3738517194 6.0770242964 0.0000000000 0.0000000000 0.0000000000 1.0000000000 1.0000000000 1.0000000000 1
5.9811393317 0.0916199481 14.4590944426 0.0000000000 0.0000000000 0.0000000000 1.0000000000 1.0000000000 1.0000000000 1
0.6236404415 6.2953503319 6.9385311783 0.0000000000 0.0000000000 0.0000000000 1.0000000000 1.0000000000 1.0000000000 1
5.5274997390 0.0172018699 12.5390173386 0.0000000000 0.0000000000 0.0000000000 1.0000000000 1.0000000000 1.0000000000 0
4.0362131031 1.5803574119 4.9644286349 0.0000000000 0.0000000000 0.0000000000 1.0000000000 1.0000000000 1.0000000000 1
6.0023911470 3.5143106011 15.1389235350 0.0000000000 0.0000000000 0.0000000000 1.0000000000 1.0000000000 1.0000000000 1
5.2752144702 5.4457774052 1.7727380910 0.0000000000 0.0000000000 0.0000000000 1.0000000000 1.0000000000 1.0000000000 1
3.5915838920 5.3085911516 4.8328739396 0.0000000000 0.0000000000 0.0000000000 1.0000000000 1.0000000000 1.0000000000 1
4.9332862699 6.1239481918 10.0064787106 0.0000000000 0.0000000000 0.0000000000 1.0000000000 1.0000000000 1.0000000000 1
0.3184177425 4.1009183621 8.9199093933 0.0000000000 0.0000000000 0.0000000000 1.0000000000 1.0000000000 1.0000000000 1
4.3583372232 6.2024335478 0.7624799044 0.0000000000 0.0000000000 0.0000000000 1.0000000000 1.0000000000 1.0000000000 0
4.1951750039 4.1746054988 11.2261685453 0.0000000000 0.0000000000 0.0000000000 1.0000000000 1.0000000000 1.0000000000 1
2.8597123811 6.1296827629 14.6584700536 0.0000000000 0.0000000000 0.0000000000 1.0000000000 1.0000000000 1.0000000000 1
4.5811387488 2.3904583087 0.5626249993 0.0000000000 0.0000000000 0.0000000000 1.0000000000 1.0000000000 1.0000000000 1
2.6571184170 0.8592724929 6.3550710889 0.0000000000 0.0000000000 0.0000000000 1.0000000000 1.0000000000 1.0000000000 0
0.2898637057 2.4826679294 15.2107473354 0.0000000000 0.0000000000 0.0000000000 1.0000000000 1.0000000000 1.0000000000 1
6.1979628323 5.8008627483 13.5820356740 0.0000000000 0.0000000000 0.0000000000 1.0000000000 1.0000000000 1.0000000000 0
4.6145159801 4.0200562361 0.0091430370 0.0000000000 0.0000000000 0.0000000000 1.0000000000 1.0000000000 1.0000000000 1
5.6323438903 2.1606818419 8.3397155187 0.0000000000 0.0000000000 0.0000000000 1.0000000000 1.0000000000 1.0000000000 1
0.5547739178 2.3742791139 7.2957385859 0.0000000000 0.0000000000 0.0000000000 1.0000000000 1.0000000000 1.0000000000 0
0.2907608156 1.8921997119 5.1850605498 0.0000000000 0.0000000000 0.0000000000 1.0000000000 1.0000000000 1.0000000000 1
3.7106525163 3.7261020558 13.9479009402 0.0000000000 0.0000000000 0.0000000000 1.0000000000 1.0000000000 1.0000000000 1
1.3451097562 0.7126019823 4.3902382908 0.0000000000 0.0000000000 0.0000000000 1.0000000000 1.0000000000 1.0000000000 1
0.4646991077 2.4483820790 11.0391710348 0.0000000000 0.0000000000 0.0000000000 1.0000000000 1.0000000000 1.0000000000 1
2.3535151051 3.3472872467 11.6559963304 0.0000000000 0.0000000000 0.0000000000 1.0000000000 1.0000000000 1.0000000000 1
0.3459515065 0.0860776179 2.5206183811 0.0000000000 0.0000000000 0.0000000000 1.0000000000 1.0000000000 1.0000000000 1
0.4642983686 4.6276128636 2.4488812286 0.0000000000 0.0000000000 0.0000000000 1.0000000000 1.0000000000 1.0000000000 1
5.5177988114 4.6288167601 16.8264388822 0.0000000000 0.0000000000 0.0000000000 1.0000000000 1.0000000000 1.0000000000 0
2.2938374610 5.0586517337 12.6996889068 0.0000000000 0.0000000000 0.0000000000 1.0000000000 1.0000000000 1.0000000000 1
0.1468336167 1.9084998198 4.1078646873 0.0000000000 0.0000000000 0.0000000000 1.0000000000 1.0000000000 1.0000000000 1
3.9055502141 4.9815126417 8.5213563001 0.0000000000 0.0000000000 0.0000000000 1.0000000000 1.0000000000 1.0000000000 1
1.9230957552 5.0760130367 14.4394437484 0.0000000000 0.0000000000 0.0000000000 1.0000000000 1.0000000000 1.0000000000 0
1.5031948720 6.0873885003 4.1850322633 0.0000000000 0.0000000000 0.0000000000 1.0000000000 1.0000000000 1.0000000000 1
1.6317896867 5.6771773636 2.8928571565 0.0000000000 0.0000000000 0.0000000000 1.0000000000 1.0000000000 1.0000000000 0
1.9943770712 3.6801407338 3.3313351261 0.0000000000 0.0000000000 0.0000000000 1.0000000000 1.0000000000 1.0000000000 1
2.9823121573 4.4921662456 9.2808767804 0.0000000000 0.0000000000 0.0000000000 1.0000000000 1.0000000000 1.0000000000 1
1.2384940635 4.6981264784 7.6304714475 0.0000000000 0.0000000000 0.0000000000 1.0000000000 1.0000000000 1.0000000000 1
4.3513859071 5.6508701949 3.2035637859 0.0000000000 0.0000000000 0.0000000000 1.0000000000 1.0000000000 1.0000000000 1
6.2112573148 3.2004993634 13.0211889184 0.0000000000 0.0000000000 0.0000000000 1.0000000000 1.0000000000 1.0000000000 0
3.5657808285 0.1928886208 6.9970477058 0.0000000000 0.0000000000 0.0000000000 1.0000000000 1.0000000000 1.0000000000 1
0.7922837600 1.7437773977 16.1416735955 0.0000000000 0.0000000000 0.0000000000 1.0000000000 1.0000000000 1.0000000000 0
1.5557445808 0.6919038782 7.6437588715 0.0000000000 0.0000000000 0.0000000000 1.0000000000 1.0000000000 1.0000000000 0
5.0879812672 0.8219760124 19.1554062282 0.0000000000 0.0000000000 0.0000000000 1.0000000000 1.0000000000 1.0000000000 0
3.8341513402 5.6205582855 2.1657083940 0.0000000000 0.0000000000 0.0000000000 1.0000000000 1.0000000000 1.0000000000 1
5.1472596008 5.1279942653 7.8876915981 0.0000000000 0.0000000000 0.0000000000 1.0000000000 1.0000000000 1.0000000000 1
0.0351594689 0.1107925671 17.7025549690 0.0000000000 0.0000000000 0.0000000000 1.0000000000 1.0000000000 1.0000000000 0
0.5888427997 6.3005511507 19.8540104909 0.0000000000 0.0000000000 0.0000000000 1.0000000000 1.0000000000 1.0000000000 1
3.2580597155 4.4497120023 13.2804260940 0.0000000000 0.0000000000 0.0000000000 1.0000000000 1.0000000000 1.0000000000 0
5.1168930697 2.6591401176 19.1082874968 0.0000000000 0.0000000000 0.0000000000 1.0000000000 1.0000000000 1.0000000000 1
6.1616738086 4.7690066763 15.5552598893 0.0000000000 0.0000000000 0.0000000000 1.0000000000 1.0000000000 1.0000000000 0
1.6599383707 5.1822540543 11.8519204028 0.0000000000 0.0000000000 0.0000000000 1.0000000000 1.0000000000 1.0000000000 1
1.9687461339 2.8467567919 9.7315931217 0.0000000000 0.0000000000 0.0000000000 1.0000000000 1.0000000000 1.0000000000 1
2.7455844183 3.9385182051 5.3558623182 0.0000000000 0.0000000000 0.0000000000 1.0000000000 1.0000000000 1.0000000000 1
1.5727591724 4.0100569009 6.9781268760 0.0000000000 0.0000000000 0.0000000000 1.0000000000 1.0000000000 1.0000000000 0
1.6313728810 4.4869447984 13.3465882940 0.0000000000 0.0000000000 0.0000000000 1.0000000000 1.0000000000 1.0000000000 0
1.1662618448 1.5352169881 13.6923371412 0.0000000000 0.0000000000 0.0000000000 1.0000000000 1.0000000000 1.0000000000 0
3.1582990829 2.2046983951 5.0959163200 0.0000000000 0.0000000000 0.0000000000 1.0000000000 1.0000000000 1.0000000000 1
3.7052913805 2.4815715346 3.6436048701 0.0000000000 0.0000000000 0.0000000000 1.0000000000 1.0000000000 1.0000000000 1
0.8343230743 1.4814068674 6.0234759150 0.0000000000 0.0000000000 0.0000000000 1.0000000000 1.0000000000 1.0000000000 1
1.3728628336 2.0284177452 6.8797856875 0.0000000000 0.0000000000 0.0000000000 1.0000000000 1.0000000000 1.0000000000 1
1.7792531163 6.2107917711 14.3382664079 0.0000000000 0.0000000000 0.0000000000 1.0000000000 1.0000000000 1.0000000000 1
1.0284786031 5.6031217848 8.9123372254 0.0000000000 0.0000000000 0.0000000000 1.0000000000 1.0000000000 1.0000000000 1
0.5006873230 4.9833433233 1.2600870923 0.0000000000 0.0000000000 0.0000000000 1.0000000000 1.0000000000 1.0000000000 1
3.5273095169 1.5213995933 9.5764827925 0.0000000000 0.0000000000 0.0000000000 1.0000000000 1.0000000000 1.0000000000 1
3.9825513229 1.0180846909 5.8102091398 0.0000000000 0.0000000000 0.0000000000 1.0000000000 1.0000000000 1.0000000000 1
3.8957021680 2.3382067952 14.4655942169 0.0000000000 0.0000000000 0.0000000000 1.0000000000 1.0000000000 1.0000000000 1
4.6366477837 1.2719548712 12.4527307563 0.0000000000 0.0000000000 0.0000000000 1.0000000000 1.0000000000 1.0000000000 1
5.6573728513 0.8917532073 0.1888412232 0.0000000000 0.0000000000 0.0000000000 1.0000000000 1.0000000000 1.0000000000 0
3.0358686248 2.4444215844 15.2640111657 0.0000000000 0.0000000000 0.0000000000 1.0000000000 1.0000000000 1.0000000000 1
5.4565490356 2.7436295494 16.4206368928 0.0000000000 0.0000000000 0.0000000000 1.0000000000 1.0000000000 1.0000000000 1
1.9626628518 5.0532894317 4.0211352282 0.0000000000 0.0000000000 0.0000000000 1.0000000000 1.0000000000 1.0000000000 1
2.6060527331 2.0633486481 11.4912431103 0.0000000000 0.0000000000 0.0000000000 1.0000000000 1.0000000000 1.0000000000 0
3.2140371373 0.9877499486 3.1207138792 0.0000000000 0.0000000000 0.0000000000 1.0000000000 1.0000000000 1.0000000000 1
4.3519390402 0.1494349465 8.9681938421 0.0000000000 0.0000000000 0.0000000000 1.0000000000 1.0000000000 1.0000000000 1
3.2196575363 4.3449228395 4.5827277316 0.0000000000 0.0000000000 0.0000000000 1.0000000000 1.0000000000 1.0000000000 1
1.9888788451 4.0725659094 9.6906061700 0.0000000000 0.0000000000 0.0000000000 1.0000000000 1.0000000000 1.0000000000 1
1.8540868508 1.0762476981 12.6427448635 0.0000000000 0.0000000000 0.0000000000 1.0000000000 1.0000000000 1.0000000000 0
4.1033671775 4.6462364576 3.8933060517 0.0000000000 0.0000000000 0.0000000000 1.0000000000 1.0000000000 1.0000000000 1
1.4976061224 0.4444224559 19.5124703756 0.0000000000 0.0000000000 0.0000000000 1.0000000000 1.0000000000 1.0000000000 1
4.0711027372 2.5196018018 8.0353077511 0.0000000000 0.0000000000 0.0000000000 1.0000000000 1.0000000000 1.0000000000 1
0.5002589531 5.8623723380 3.7157003764 0.0000000000 0.0000000000 0.0000000000 1.0000000000 1.0000000000 1.0000000000 1
4.2192245931 6.0519746789 7.8692924988 0.0000000000 0.0000000000 0.0000000000 1.0000000000 1.0000000000 1.0000000000 1
3.7974395568 4.7749897190 15.5233847895 0.0000000000 0.0000000000 0.0000000000 1.0000000000 1.0000000000 1.0000000000 1
1.6480574700 0.1773562951 5.2643151050 0.0000000000 0.0000000000 0.0000000000 1.0000000000 1.0000000000 1.0000000000 1
2.3237366352 4.9140432580 16.5445293835 0.0000000000 0.0000000000 0.0000000000 1.0000000000 1.0000000000 1.0000000000 0
5.0671833348 0.4877189584 13.8486482980 0.0000000000 0.0000000000 0.0000000000 1.0000000000 1.0000000000 1.0000000000 0
0.1484108048 3.3484113321 3.0498129546 0.0000000000 0.0000000000 0.0000000000 1.0000000000 1.0000000000 1.0000000000 1
1.3281349107 2.7757564602 15.5893020468 0.0000000000 0.0000000000 0.0000000000 1.0000000000 1.0000000000 1.0000000000 0
2.4813856504 4.4853603716 15.3337730484 0.0000000000 0.0000000000 0.0000000000 1.0000000000 1.0000000000 1.0000000000 1
2.4400055914 0.0870065780 4.5086038732 0.0000000000 0.0000000000 0.0000000000 1.0000000000 1.0000000000 1.0000000000 1
2.2114096389 1.2963704033 8.3406023835 0.0000000000 0.0000000000 0.0000000000 1.0000000000 1.0000000000 1.0000000000 0
3.5102483737 6.0673137534 16.4415209972 0.0000000000 0.0000000000 0.0000000000 1.0000000000 1.0000000000 1.0000000000 0
0.7287245397 5.8382956696 14.1885606951 0.0000000000 0.0000000000 0.0000000000 1.0000000000 1.0000000000 1.0000000000 1
4.6643530943 1.0922691406 4.0950063976 0.0000000000 0.0000000000 0.0000000000 1.0000000000 1.0000000000 1.0000000000 1
3.7179482847 5.1468299572 6.4232189550 0.0000000000 0.0000000000 0.0000000000 1.0000000000 1.0000000000 1.0000000000 0
1.9549827622 2.7933670936 14.6269676459 0.0000000000 0.0000000000 0.0000000000 1.0000000000 1.0000000000 1.0000000000 0
4.3835115669 2.5481415303 6.8046258748 0.0000000000 0.0000000000 0.0000000000 1.0000000000 1.0000000000 1.0000000000 1
0.9365645943 5.0315777745 16.3928184111 0.0000000000 0.0000000000 0.0000000000 1.0000000000 1.0000000000 1.0000000000 0
1.8165820620 1.0480415452 9.2064416218 0.0000000000 0.0000000000 0.0000000000 1.0000000000 1.0000000000 1.0000000000 1
5.2476895221 5.5415599151 15.5127222575 0.0000000000 0.0000000000 0.0000000000 1.0000000000 1.0000000000 1.0000000000 1
3.2545742756 4.2341745504 19.0318576001 0.0000000000 0.0000000000 0.0000000000 1.0000000000 1.0000000000 1.0000000000 1
2.3703950783 0.3268118529 18.3479705710 0.0000000000 0.0000000000 0.0000000000 1.0000000000 1.0000000000 1.0000000000 0
5.4735138255 2.4545113516 12.9658860365 0.0000000000 0.0000000000 0.0000000000 1.0000000000 1.0000000000 1.0000000000 0
2.4302639321 4.1068458710 1.5681650169 0.0000000000 0.0000000000 0.0000000000 1.0000000000 1.0000000000 1.0000000000 1
3.2092016767 6.2711017527 13.5538459241 0.0000000000 0.0000000000 0.0000000000 1.0000000000 1.0000000000 1.0000000000 0
0.5883370700 3.9512797521 13.4329769943 0.0000000000 0.0000000000 0.0000000000 1.0000000000 1.0000000000 1.0000000000 0
1.5101523598 3.6060802619 8.9182833828 0.0000000000 0.0000000000 0.0000000000 1.0000000000 1.0000000000 1.0000000000 1
3.5121521293 0.8683587448 12.7434568964 0.0000000000 0.0000000000 0.0000000000 1.0000000000 1.0000000000 1.0000000000 1
1.0381501991 4.2827967519 4.5647030445 0.0000000000 0.0000000000 0.0000000000 1.0000000000 1.0000000000 1.0000000000 1
0.7883187394 3.6664874158 15.4489741758 0.0000000000 0.0000000000 0.0000000000 1.0000000000 1.0000000000 1.0000000000 1
2.8753856566 5.8622272931 5.6729579566 0.0000000000 0.0000000000 0.0000000000 1.0000000000 1.0000000000 1.0000000000 1
2.1021426445 2.7392446461 6.7882447469 0.0000000000 0.0000000000 0.0000000000 1.0000000000 1.0000000000 1.0000000000 0
2.3709333328 2.1806764759 19.7431079373 0.0000000000 0.0000000000 0.0000000000 1.0000000000 1.0000000000 1.0000000000 1
5.0570858564 4.8049451967 9.7798322805 0.0000000000 0.0000000000 0.0000000000 1.0000000000 1.0000000000 1.0000000000 1
1.3959387749 0.3812497399 8.6128180519 0.0000000000 0.0000000000 0.0000000000 1.0000000000 1.0000000000 1.0000000000 1
4.6465370700 4.7361768637 2.1716918831 0.0000000000 0.0000000000 0.0000000000 1.0000000000 1.0000000000 1.0000000000 1
5.6661097772 1.5958118223 9.2959603581 0.0000000000 0.0000000000 0.0000000000 1.0000000000 1.0000000000 1.0000000000 1
2.3710592402 0.6576087446 11.8809305858 0.0000000000 0.0000000000 0.0000000000 1.0000000000 1.0000000000 1.0000000000 0
3.5775069739 0.3189004785 15.3360060357 0.0000000000 0.0000000000 0.0000000000 1.0000000000 1.0000000000 1.0000000000 1
2.7619678176 4.5595261778 6.3504569218 0.0000000000 0.0000000000 0.0000000000 1.0000000000 1.0000000000 1.0000000000 1
0.7957787750 0.0128119522 18.6470928264 0.0000000000 0.0000000000 0.0000000000 1.0000000000 1.0000000000 1.0000000000 1
1.7444016999 1.4428372186 15.7393740192 0.0000000000 0.0000000000 0.0000000000 1.0000000000 1.0000000000 1.0000000000 1
1.0758374937 4.2404014396 5.9163828772 0.0000000000 0.0000000000 0.0000000000 1.0000000000 1.0000000000 1.0000000000 1
5.8489427592 3.1066253802 8.2874383335 0.0000000000 0.0000000000 0.0000000000 1.0000000000 1.0000000000 1.0000000000 1
2.7305798771 1.4472108610 10.3811767009 0.0000000000 0.0000000000 0.0000000000 1.0000000000 1.0000000000 1.0000000000 1
2.8055682296 2.5651113266 14.1793754580 0.0000000000 0.0000000000 0.0000000000 1.0000000000 1.0000000000 1.0000000000 1
2.5279846790 0.2600531873 10.6788360377 0.0000000000 0.0000000000 0.0000000000 1.0000000000 1.0000000000 1.0000000000 1
2.0608798905 0.7367240024 15.0407632577 0.0000000000 0.0000000000 0.0000000000 1.0000000000 1.0000000000 1.0000000000 1
5.9565458583 4.9295918533 14.3875834052 0.0000000000 0.0000000000 0.0000000000 1.0000000000 1.0000000000 1.0000000000 0
3.6046291483 3.9456275682 15.8629943140 0.0000000000 0.0000000000 0.0000000000 1.0000000000 1.0000000000 1.0000000000 0
0.2834129996 1.8361565400 19.3203037771 0.0000000000 0.0000000000 0.0000000000 1.0000000000 1.0000000000 1.0000000000 1
6.2626651872 1.1433996934 10.0509543766 0.0000000000 0.0000000000 0.0000000000 1.0000000000 1.0000000000 1.0000000000 1
5.5671810786 1.0766280754 14.4932641152 0.0000000000 0.0000000000 0.0000000000 1.0000000000 1.0000000000 1.0000000000 1
1.7783678335 3.4298982470 5.7816642980 0.0000000000 0.0000000000 0.0000000000 1.0000000000 1.0000000000 1.0000000000 1
3.1641725747 3.4665027316 14.7627598595 0.0000000000 0.0000000000 0.0000000000 1.0000000000 1.0000000000 1.0000000000 1
0.5935610485 1.2325353143 7.1176087340 0.0000000000 0.0000000000 0.0000000000 1.0000000000 1.0000000000 1.0000000000 0
2.4707869590 2.2083002101 1.4218579598 0.0000000000 0.0000000000 0.0000000000 1.0000000000 1.0000000000 1.0000000000 1
1.1495760182 0.1120674807 12.2108610805 0.0000000000 0.0000000000 0.0000000000 1.0000000000 1.0000000000 1.0000000000 1
2.9820069009 1.9488063786 2.8871197505 0.0000000000 0.0000000000 0.0000000000 1.0000000000 1.0000000000 1.0000000000 1
4.7026669958 1.9185440359 5.4902928345 0.0000000000 0.0000000000 0.0000000000 1.0000000000 1.0000000000 1.0000000000 1
0.2238655265 4.8248465423 9.6134406379 0.0000000000 0.0000000000 0.0000000000 1.0000000000 1.0000000000 1.0000000000 1
5.7730301518 0.9673886371 8.4894555170 0.0000000000 0.0000000000 0.0000000000 1.0000000000 1.0000000000 1.0000000000 1
0.8495682452 4.8285063310 3.4130402452 0.0000000000 0.0000000000 0.0000000000 1.0000000000 1.0000000000 1.0000000000 1
5.4394484400 0.5863378770 9.5999609272 0.0000000000 0.0000000000 0.0000000000 1.0000000000 1.0000000000 1.0000000000 1
2.1134010006 5.3810790753 8.0020830420 0.0000000000 0.0000000000 0.0000000000 1.0000000000 1.0000000000 1.0000000000 1
2.3880443668 2.5742768306 7.7433058516 0.0000000000 0.0000000000 0.0000000000 1.0000000000 1.0000000000 1.0000000000 0
6.2253837514 3.7579336598 7.5664164699 0.0000000000 0.0000000000 0.0000000000 1.0000000000 1.0000000000 1.0000000000 1
3.1951480998 4.8621376599 3.6093789432 0.0000000000 0.0000000000 0.0000000000 1.0000000000 1.0000000000 1.0000000000 1
4.6509783481 3.0301107491 14.9932289611 0.0000000000 0.0000000000 0.0000000000 1.0000000000 1.0000000000 1.0000000000 1
2.4366399071 0.1234093389 6.9940464128 0.0000000000 0.0000000000 0.0000000000 1.0000000000 1.0000000000 1.0000000000 1
0.6925391946 3.8823471842 10.7125078582 0.0000000000 0.0000000000 0.0000000000 1.0000000000 1.0000000000 1.0000000000 1
3.5669284900 2.5823020249 8.9880965041 0.0000000000 0.0000000000 0.0000000000 1.0000000000 1.0000000000 1.0000000000 1
0.2478639319 1.1015211692 14.0145522684 0.0000000000 0.0000000000 0.0000000000 1.0000000000 1.0000000000 1.0000000000 1
5.9927244280 1.9135117659 12.1119027866 0.0000000000 0.0000000000 0.0000000000 1.0000000000 1.0000000000 1.0000000000 0
4.0619931309 1.5113503766 8.3801594471 0.0000000000 0.0000000000 0.0000000000 1.0000000000 1.0000000000 1.0000000000 1
1.0498492041 2.7608356649 8.3782115479 0.0000000000 0.0000000000 0.0000000000 1.0000000000 1.0000000000 1.0000000000 1
5.5561982981 0.1349448173 4.1634699201 0.0000000000 0.0000000000 0.0000000000 1.0000000000 1.0000000000 1.0000000000 1
4.7290311736 3.5340841236 13.8333064856 0.0000000000 0.0000000000 0.0000000000 1.0000000000 1.0000000000 1.0000000000 0
1.5340563013 4.9262030908 2.2861653983 0.0000000000 0.0000000000 0.0000000000 1.0000000000 1.0000000000 1.0000000000 1
5.4413522815 2.2878442378 15.2816265569 0.0000000000 0.0000000000 0.0000000000 1.0000000000 1.0000000000 1.0000000000 1
2.9267242318 2.4187251936 9.7628237688 0.0000000000 0.0000000000 0.0000000000 1.0000000000 1.0000000000 1.0000000000 1
6.0534261619 0.2163831929 5.6386320393 0.0000000000 0.0000000000 0.0000000000 1.0000000000 1.0000000000 1.0000000000 1
3.2561316909 3.3807952757 1.4437521905 0.0000000000 0.0000000000 0.0000000000 1.0000000000 1.0000000000 1.0000000000 1
0.3219741337 0.6735258234 8.9104653252 0.0000000000 0.0000000000 0.0000000000 1.0000000000 1.0000000000 1.0000000000 1
5.6702152320 1.4302201458 4.6595809159 0.0000000000 0.0000000000 0.0000000000 1.0000000000 1.0000000000 1.0000000000 1
1.2823510761 1.2321905260 2.8251933793 0.0000000000 0.0000000000 0.0000000000 1.0000000000 1.0000000000 1.0000000000 1
3.5722654189 3.8795403903 6.7092155328 0.0000000000 0.0000000000 0.0000000000 1.0000000000 1.0000000000 1.0000000000 1
4.2033432692 0.4755363186 14.4717190958 0.0000000000 0.0000000000 0.0000000000 1.0000000000 1.0000000000 1.0000000000 1
1.0188595494 2.8133200190 11.7841820984 0.0000000000 0.0000000000 0.0000000000 1.0000000000 1.0000000000 1.0000000000 1
0.1348588453 5.1315739473 8.1324886153 0.0000000000 0.0000000000 0.0000000000 1.0000000000 1.0000000000 1.0000000000 1
4.1618188218 5.7939996714 15.0087540207 0.0000000000 0.0000000000 0.0000000000 1.0000000000 1.0000000000 1.0000000000 1
6.1756275319 3.8532336743 16.3583210186 0.0000000000 0.0000000000 0.0000000000 1.0000000000 1.0000000000 1.0000000000 1
1.5047969659 4.5605346030 15.5589536192 0.0000000000 0.0000000000 0.0000000000 1.0000000000 1.0000000000 1.0000000000 1
3.3563168515 6.0822631825 8.8005527141 0.0000000000 0.0000000000 0.0000000000 1.0000000000 1.0000000000 1.0000000000 1
3.3295193609 3.5019635563 9.8167209432 0.0000000000 0.0000000000 0.0000000000 1.0000000000 1.0000000000 1.0000000000 1
0.4278510323 0.5758401456 7.8817572688 0.0000000000 0.0000000000 0.0000000000 1.0000000000 1.0000000000 1.0000000000 0
4.9192880846 0.5022440292 1.6439159653 0.0000000000 0.0000000000 0.0000000000 1.0000000000 1.0000000000 1.0000000000 0
0.3458486375 1.8286033103 8.7433301515 0.0000000000 0.0000000000 0.0000000000 1.0000000000 1.0000000000 1.0000000000 1
0.1211493494 6.2656783969 9.5992345918 0.0000000000 0.0000000000 0.0000000000 1.0000000000 1.0000000000 1.0000000000 1
1.2699549134 0.3165299317 9.8052075507 0.0000000000 0.0000000000 0.0000000000 1.0000000000 1.0000000000 1.0000000000 1
0.5119143327 3.2422307466 6.7387257940 0.0000000000 0.0000000000 0.0000000000 1.0000000000 1.0000000000 1.0000000000 0
1.6210460745 2.1738781252 5.7070815868 0.0000000000 0.0000000000 0.0000000000 1.0000000000 1.0000000000 1.0000000000 1
4.1247712263 2.3959113254 15.8698849736 0.0000000000 0.0000000000 0.0000000000 1.0000000000 1.0000000000 1.0000000000 1
5.9843903544 3.3141863982 5.8039300263 0.0000000000 0.0000000000 0.0000000000 1.0000000000 1.0000000000 1.0000000000 1
4.6263786937 2.1172571654 8.8515151837 0.0000000000 0.0000000000 0.0000000000 1.0000000000 1.0000000000 1.0000000000 1
5.2402065345 0.0490748201 6.4790762944 0.0000000000 0.0000000000 0.0000000000 1.0000000000 1.0000000000 1.0000000000 0
4.2203455688 3.2638642836 4.3537152379 0.0000000000 0.0000000000 0.0000000000 1.0000000000 1.0000000000 1.0000000000 1
6.1681345660 5.3991599957 16.6015419151 0.0000000000 0.0000000000 0.0000000000 1.0000000000 1.0000000000 1.0000000000 1
4.2329442790 2.7069084731 17.3179105299 0.0000000000 0.0000000000 0.0000000000 1.0000000000 1.0000000000 1.0000000000 0
4.7920858224 2.5003853175 10.9929512793 0.0000000000 0.0000000000 0.0000000000 1.0000000000 1.0000000000 1.0000000000 1
4.6561219666 1.5056200883 14.6611764838 0.0000000000 0.0000000000 0.0000000000 1.0000000000 1.0000000000 1.0000000000 1
4.9838802343 2.9896509976 7.6200010888 0.0000000000 0.0000000000 0.0000000000 1.0000000000 1.0000000000 1.0000000000 1
1.0381513470 5.6627116282 10.1956595984 0.0000000000 0.0000000000 0.0000000000 1.0000000000 1.0000000000 1.0000000000 1
3.5651300959 1.8357261340 19.9560143214 0.0000000000 0.0000000000 0.0000000000 1.0000000000 1.0000000000 1.0000000000 0
0.6974704991 0.6419859251 14.9481319878 0.0000000000 0.0000000000 0.0000000000 1.0000000000 1.0000000000 1.0000000000 1
4.8525243031 4.3579400538 1.1223670252 0.0000000000 0.0000000000 0.0000000000 1.0000000000 1.0000000000 1.0000000000 0
1.7028489125 3.6140722390 16.4416602355 0.0000000000 0.0000000000 0.0000000000 1.0000000000 1.0000000000 1.0000000000 1
4.1302704832 2.8475328220 13.3344529487 0.0000000000 0.0000000000 0.0000000000 1.0000000000 1.0000000000 1.0000000000 1
0.9425725553 2.0054906249 14.6026592178 0.0000000000 0.0000000000 0.0000000000 1.0000000000 1.0000000000 1.0000000000 1
4.0982169840 2.7829046337 1.9026892902 0.0000000000 0.0000000000 0.0000000000 1.0000000000 1.0000000000 1.0000000000 1
2.5431856478 5.5217621547 13.8034045455 0.0000000000 0.0000000000 0.0000000000 1.0000000000 1.0000000000 1.0000000000 0
4.8380014942 5.1061208255 12.7084998753 0.0000000000 0.0000000000 0.0000000000 1.0000000000 1.0000000000 1.0000000000 0
2.4411016807 3.9454561166 12.6390542645 0.0000000000 0.0000000000 0.0000000000 1.0000000000 1.0000000000 1.0000000000 0
2.7102167945 3.0828273178 13.0622081190 0.0000000000 0.0000000000 0.0000000000 1.0000000000 1.0000000000 1.0000000000 0
1.6518201932 0.2614007278 15.7708518678 0.0000000000 0.0000000000 0.0000000000 1.0000000000 1.0000000000 1.0000000000 1
1.0502037760 0.4193512249 13.5991294486 0.0000000000 0.0000000000 0.0000000000 1.0000000000 1.0000000000 1.0000000000 0
3.7683796980 6.1852491659 5.8891155420 0.0000000000 0.0000000000 0.0000000000 1.0000000000 1.0000000000 1.0000000000 1
0.0352827308 1.0050578752 2.0895016151 0.0000000000 0.0000000000 0.0000000000 1.0000000000 1.0000000000 1.0000000000 1
2.1218456067 0.5508997826 13.5741402170 0.0000000000 0.0000000000 0.0000000000 1.0000000000 1.0000000000 1.0000000000 1
2.4520730272 1.5798710754 7.2476516049 0.0000000000 0.0000000000 0.0000000000 1.0000000000 1.0000000000 1.0000000000 0
2.5143146392 6.1906378322 12.7861869029 0.0000000000 0.0000000000 0.0000000000 1.0000000000 1.0000000000 1.0000000000 1
1.9165961134 3.8130270934 7.9220300397 0.0000000000 0.0000000000 0.0000000000 1.0000000000 1.0000000000 1.0000000000 1
0.0521539436 2.8028959401 9.3650277817 0.0000000000 0.0000000000 0.0000000000 1.0000000000 1.0000000000 1.0000000000 1
4.2423439479 4.8352500320 14.5044734853 0.0000000000 0.0000000000 0.0000000000 1.0000000000 1.0000000000 1.0000000000 1
4.3697974314 5.2154177761 1.2568674243 0.0000000000 0.0000000000 0.0000000000 1.0000000000 1.0000000000 1.0000000000 1
0.9061637288 3.9817314284 0.5797181267 0.0000000000 0.0000000000 0.0000000000 1.0000000000 1.0000000000 1.0000000000 1
3.2850066695 0.8293062591 14.0040054867 0.0000000000 0.0000000000 0.0000000000 1.0000000000 1.0000000000 1.0000000000 1
3.4431760724 6.2648460498 4.5514797853 0.0000000000 0.0000000000 0.0000000000 1.0000000000 1.0000000000 1.0000000000 1
0.0153582415 5.5731591130 19.2290453585 0.0000000000 0.0000000000 0.0000000000 1.0000000000 1.0000000000 1.0000000000 1
3.1512358576 1.0146271416 4.3325141713 0.0000000000 0.0000000000 0.0000000000 1.0000000000 1.0000000000 1.0000000000 1
0.8269754557 5.0194753949 14.9357775185 0.0000000000 0.0000000000 0.0000000000 1.0000000000 1.0000000000 1.0000000000 1
1.5850164497 5.6506972491 15.2761995130 0.0000000000 0.0000000000 0.0000000000 1.0000000000 1.0000000000 1.0000000000 1
6.2713957245 2.0708081403 14.4198724920 0.0000000000 0.0000000000 0.0000000000 1.0000000000 1.0000000000 1.0000000000 1
3.8266114603 0.0511178613 10.2173072062 0.0000000000 0.0000000000 0.0000000000 1.0000000000 1.0000000000 1.0000000000 1
2.2778122714 1.9240460210 13.5281381973 0.0000000000 0.0000000000 0.0000000000 1.0000000000 1.0000000000 1.0000000000 0
2.4659157407 0.0525829626 8.0652390609 0.0000000000 0.0000000000 0.0000000000 1.0000000000 1.0000000000 1.0000000000 0
3.8864117533 2.2468191050 5.9399142565 0.0000000000 0.0000000000 0.0000000000 1.0000000000 1.0000000000 1.0000000000 1
2.8131089857 5.2828654403 8.6560523332 0.0000000000 0.0000000000 0.0000000000 1.0000000000 1.0000000000 1.0000000000 1
3.3626924528 1.8393363037 13.6449271908 0.0000000000 0.0000000000 0.0000000000 1.0000000000 1.0000000000 1.0000000000 0
5.4498109602 4.5073323878 5.3316320057 0.0000000000 0.0000000000 0.0000000000 1.0000000000 1.0000000000 1.0000000000 1
1.3025707585 1.9601274639 4.3072846739 0.0000000000 0.0000000000 0.0000000000 1.0000000000 1.0000000000 1.0000000000 1
5.0658628170 0.6525843667 4.9203413159 0.0000000000 0.0000000000 0.0000000000 1.0000000000 1.0000000000 1.0000000000 1
3.3387166714 1.4636567112 14.8990650487 0.0000000000 0.0000000000 0.0000000000 1.0000000000 1.0000000000 1.0000000000 1
3.9175638901 5.0466083963 9.7169297725 0.0000000000 0.0000000000 0.0000000000 1.0000000000 1.0000000000 1.0000000000 1
1.9116311013 1.6294161179 17.1823482369 0.0000000000 0.0000000000 0.0000000000 1.0000000000 1.0000000000 1.0000000000 0
1.1976146771 5.2108366447 0.1406157827 0.0000000000 0.0000000000 0.0000000000 1.0000000000 1.0000000000 1.0000000000 1
2.8588155157 5.9346558134 3.5804450592 0.0000000000 0.0000000000 0.0000000000 1.0000000000 1.0000000000 1.0000000000 1
3.2209053898 5.1019095248 14.7046728413 0.0000000000 0.0000000000 0.0000000000 1.0000000000 1.0000000000 1.0000000000 1
3.4215235152 2.4098031001 7.2463283328 0.0000000000 0.0000000000 0.0000000000 1.0000000000 1.0000000000 1.0000000000 0
1.4988598308 3.9468862846 14.7107165504 0.0000000000 0.0000000000 0.0000000000 1.0000000000 1.0000000000 1.0000000000 1
3.2330922595 3.5133190702 7.5952633993 0.0000000000 0.0000000000 0.0000000000 1.0000000000 1.0000000000 1.0000000000 0
3.1695017781 2.0348684855 16.4101553663 0.0000000000 0.0000000000 0.0000000000 1.0000000000 1.0000000000 1.0000000000 1
1.4998850836 1.5616557478 0.4127215088 0.0000000000 0.0000000000 0.0000000000 1.0000000000 1.0000000000 1.0000000000 1
2.1605326624 1.3315963082 5.0179482042 0.0000000000 0.0000000000 0.0000000000 1.0000000000 1.0000000000 1.0000000000 1
5.4068698246 1.6819948149 3.5164800704 0.0000000000 0.0000000000 0.0000000000 1.0000000000 1.0000000000 1.0000000000 1
2.7900656255 3.2634359402 8.9340501590 0.0000000000 0.0000000000 0.0000000000 1.0000000000 1.0000000000 1.0000000000 1
0.2795651993 0.5963467209 4.7300114594 0.0000000000 0.0000000000 0.0000000000 1.0000000000 1.0000000000 1.0000000000 1
3.0436803155 5.6186982403 15.5890070389 0.0000000000 0.0000000000 0.0000000000 1.0000000000 1.0000000000 1.0000000000 1
5.1379539835 4.3978828569 14.0408678309 0.0000000000 0.0000000000 0.0000000000 1.0000000000 1.0000000000 1.0000000000 0
3.4624161144 3.6364514134 3.5525369858 0.0000000000 0.0000000000 0.0000000000 1.0000000000 1.0000000000 1.0000000000 1
6.0265119351 1.2421336928 16.6136142982 0.0000000000 0.0000000000 0.0000000000 1.0000000000 1.0000000000 1.0000000000 0
0.6776203161 0.9969458150 12.0975237990 0.0000000000 0.0000000000 0.0000000000 1.0000000000 1.0000000000 1.0000000000 0
1.0809316044 5.8047228854 7.7555585403 0.0000000000 0.0000000000 0.0000000000 1.0000000000 1.0000000000 1.0000000000 0
6.1017714968 0.2853009836 18.8425114908 0.0000000000 0.0000000000 0.0000000000 1.0000000000 1.0000000000 1.0000000000 0
2.7318119325 0.4517197993 15.9416250562 0.0000000000 0.0000000000 0.0000000000 1.0000000000 1.0000000000 1.0000000000 1
2.9538390283 4.9570645799 10.9303296120 0.0000000000 0.0000000000 0.0000000000 1.0000000000 1.0000000000 1.0000000000 1
0.4775309826 5.7723226140 4.8419281955 0.0000000000 0.0000000000 0.0000000000 1.0000000000 1.0000000000 1.0000000000 1
3.8365801337 0.6274891290 1.7535155633 0.0000000000 0.0000000000 0.0000000000 1.0000000000 1.0000000000 1.0000000000 1
0.7468204467 2.8211345155 5.5131858063 0.0000000000 0.0000000000 0.0000000000 1.0000000000 1.0000000000 1.0000000000 1
5.7165153581 5.5955105008 3.3598942285 0.0000000000 0.0000000000 0.0000000000 1.0000000000 1.0000000000 1.0000000000 1
3.4657337657 3.6766441374 19.8864630067 0.0000000000 0.0000000000 0.0000000000 1.0000000000 1.0000000000 1.0000000000 1
5.2326178788 2.6658779771 2.8446985227 0.0000000000 0.0000000000 0.0000000000 1.0000000000 1.0000000000 1.0000000000 1
2.9950887980 0.6393429079 8.8204857836 0.0000000000 0.0000000000 0.0000000000 1.0000000000 1.0000000000 1.0000000000 1
5.2910353604 2.7561329969 9.1259181480 0.0000000000 0.0000000000 0.0000000000 1.0000000000 1.0000000000 1.0000000000 1
4.5266382483 0.1137630949 4.0777559593 0.0000000000 0.0000000000 0.0000000000 1.0000000000 1.0000000000 1.0000000000 1
6.0670031491 1.7088925288 7.5901632591 0.0000000000 0.0000000000 0.0000000000 1.0000000000 1.0000000000 1.0000000000 1
1.5155873368 4.6767598447 0.9529271609 0.0000000000 0.0000000000 0.0000000000 1.0000000000 1.0000000000 1.0000000000 0
3.1314353263 0.9668689338 16.9466117593 0.0000000000 0.0000000000 0.0000000000 1.0000000000 1.0000000000 1.0000000000 0
1.2026926852 1.6454071826 18.0828290965 0.0000000000 0.0000000000 0.0000000000 1.0000000000 1.0000000000 1.0000000000 0
0.7145517262 3.9424452343 19.1815060981 0.0000000000 0.0000000000 0.0000000000 1.0000000000 1.0000000000 1.0000000000 1
2.5255464156 5.2119332648 4.8222707476 0.0000000000 0.0000000000 0.0000000000 1.0000000000 1.0000000000 1.0000000000 1
5.2904773422 2.4832458546 1.4810304778 0.0000000000 0.0000000000 0.0000000000 1.0000000000 1.0000000000 1.0000000000 1
5.1668041128 2.5451565226 14.0815018062 0.0000000000 0.0000000000 0.0000000000 1.0000000000 1.0000000000 1.0000000000 0
5.4133249117 1.1198374934 2.6008289990 0.0000000000 0.0000000000 0.0000000000 1.0000000000 1.0000000000 1.0000000000 1
4.6135368850 3.5092809084 9.6994419196 0.0000000000 0.0000000000 0.0000000000 1.0000000000 1.0000000000 1.0000000000 1
6.0699558541 4.0621957706 10.0898451813 0.0000000000 0.0000000000 0.0000000000 1.0000000000 1.0000000000 1.0000000000 1
4.5313043448 4.6507833531 4.9358654591 0.0000000000 0.0000000000 0.0000000000 1.0000000000 1.0000000000 1.0000000000 1
3.7859011934 3.5025632063 8.6652310375 0.0000000000 0.0000000000 0.0000000000 1.0000000000 1.0000000000 1.0000000000 1
2.2416239348 1.0704372786 2.1848976266 0.0000000000 0.0000000000 0.0000000000 1.0000000000 1.0000000000 1.0000000000 0
1.5087481057 2.5868845322 13.7326908180 0.0000000000 0.0000000000 0.0000000000 1.0000000000 1.0000000000 1.0000000000 1
5.4242708475 1.1482044774 15.5024206223 0.0000000000 0.0000000000 0.0000000000 1.0000000000 1.0000000000 1.0000000000 1
2.4474486822 5.0017073337 1.1691913915 0.0000000000 0.0000000000 0.0000000000 1.0000000000 1.0000000000 1.0000000000 1
4.4751867077 0.3858245890 3.0365203341 0.0000000000 0.0000000000 0.0000000000 1.0000000000 1.0000000000 1.0000000000 1
2.3393941639 0.4612260959 3.5319371389 0.0000000000 0.0000000000 0.0000000000 1.0000000000 1.0000000000 1.0000000000 1
1.0693156662 1.5743628161 9.9074303967 0.0000000000 0.0000000000 0.0000000000 1.0000000000 1.0000000000 1.0000000000 1
4.3089494304 1.0654799824 0.2160338815 0.0000000000 0.0000000000 0.0000000000 1.0000000000 1.0000000000 1.0000000000 0
1.6943914348 0.8145422319 10.5287081195 0.0000000000 0.0000000000 0.0000000000 1.0000000000 1.0000000000 1.0000000000 1
3.7601482216 5.4019891894 13.7010705898 0.0000000000 0.0000000000 0.0000000000 1.0000000000 1.0000000000 1.0000000000 1
2.6311203014 4.5012274479 13.9727982937 0.0000000000 0.0000000000 0.0000000000 1.0000000000 1.0000000000 1.0000000000 1
5.6328361850 1.7463812924 13.6533550657 0.0000000000 0.0000000000 0.0000000000 1.0000000000 1.0000000000 1.0000000000 1
4.9801531674 1.4990148518 1.4991243738 0.0000000000 0.0000000000 0.0000000000 1.0000000000 1.0000000000 1.0000000000 0
1.9794103862 3.4767228017 13.7254219579 0.0000000000 0.0000000000 0.0000000000 1.0000000000 1.0000000000 1.0000000000 1
5.9186661901 0.2237182473 16.1496932093 0.0000000000 0.0000000000 0.0000000000 1.0000000000 1.0000000000 1.0000000000 0
2.3144179790 3.3289817459 19.7420623149 0.0000000000 0.0000000000 0.0000000000 1.0000000000 1.0000000000 1.0000000000 1
0.4959839422 2.6528190945 13.6296239033 0.0000000000 0.0000000000 0.0000000000 1.0000000000 1.0000000000 1.0000000000 0
5.8314463866 6.2294244949 7.9058153010 0.0000000000 0.0000000000 0.0000000000 1.0000000000 1.0000000000 1.0000000000 1
0.1268806744 1.3422660931 15.4339939902 0.0000000000 0.0000000000 0.0000000000 1.0000000000 1.0000000000 1.0000000000 1
0.2538714784 0.6786582566 0.6436470003 0.0000000000 0.0000000000 0.0000000000 1.0000000000 1.0000000000 1.0000000000 1
1.8387874018 2.3556468369 12.7649320930 0.0000000000 0.0000000000 0.0000000000 1.0000000000 1.0000000000 1.0000000000 0
4.5979915637 1.7601612715 13.6682367501 0.0000000000 0.0000000000 0.0000000000 1.0000000000 1.0000000000 1.0000000000 1
5.7372901017 2.6107982523 6.8138727415 0.0000000000 0.0000000000 0.0000000000 1.0000000000 1.0000000000 1.0000000000 0
2.6095915385 5.9146545028 17.4205770725 0.0000000000 0.0000000000 0.0000000000 1.0000000000 1.0000000000 1.0000000000 0
4.2585522531 0.9395886805 13.4267121750 0.0000000000 0.0000000000 0.0000000000 1.0000000000 1.0000000000 1.0000000000 0
4.8346267187 0.2223681548 15.5011699399 0.0000000000 0.0000000000 0.0000000000 1.0000000000 1.0000000000 1.0000000000 1
1.9820908308 1.6440137117 14.5424783815 0.0000000000 0.0000000000 0.0000000000 1.0000000000 1.0000000000 1.0000000000 1
0.9354710206 2.4065341676 9.3670611929 0.0000000000 0.0000000000 0.0000000000 1.0000000000 1.0000000000 1.0000000000 1
0.9430396011 3.4417843585 9.7148834639 0.0000000000 0.0000000000 0.0000000000 1.0000000000 1.0000000000 1.0000000000 1
0.3349902007 4.0726338781 14.4869729358 0.0000000000 0.0000000000 0.0000000000 1.0000000000 1.0000000000 1.0000000000 1
6.0131608512 5.5186076192 1.0995866623 0.0000000000 0.0000000000 0.0000000000 1.0000000000 1.0000000000 1.0000000000 0
4.4628732494 2.0372266107 4.2019190905 0.0000000000 0.0000000000 0.0000000000 1.0000000000 1.0000000000 1.0000000000 1
0.0103129032 3.5911694610 2.0865191574 0.0000000000 0.0000000000 0.0000000000 1.0000000000 1.0000000000 1.0000000000 1
4.1954145791 1.1405234178 7.3514841619 0.0000000000 0.0000000000 0.0000000000 1.0000000000 1.0000000000 1.0000000000 1
0.4047981535 1.9149581398 1.4697047538 0.0000000000 0.0000000000 0.0000000000 1.0000000000 1.0000000000 1.0000000000 0
1.6343460422 3.2133660884 1.3046160634 0.0000000000 0.0000000000 0.0000000000 1.0000000000 1.0000000000 1.0000000000 1
2.0027471383 2.0888312798 10.7264498593 0.0000000000 0.0000000000 0.0000000000 1.0000000000 1.0000000000 1.0000000000 1
4.1843843648 1.4475248636 2.5892714310 0.0000000000 0.0000000000 0.0000000000 1.0000000000 1.0000000000 1.0000000000 1
4.8816545310 1.4473745980 17.3591603838 0.0000000000 0.0000000000 0.0000000000 1.0000000000 1.0000000000 1.0000000000 1
5.0857563801 5.8105758217 14.2196309795 0.0000000000 0.0000000000 0.0000000000 1.0000000000 1.0000000000 1.0000000000 1
3.8675865578 4.8719245576 7.2987741546 0.0000000000 0.0000000000 0.0000000000 1.0000000000 1.0000000000 1.0000000000 0
5.1811706169 4.7050689142 14.9647489302 0.0000000000 0.0000000000 0.0000000000 1.0000000000 1.0000000000 1.0000000000 1
3.6697169853 2.5047877151 10.9776656366 0.0000000000 0.0000000000 0.0000000000 1.0000000000 1.0000000000 1.0000000000 1
6.0169038155 0.5202596818 13.3051374419 0.0000000000 0.0000000000 0.0000000000 1.0000000000 1.0000000000 1.0000000000 0
2.2588137653 5.5021766355 9.6119878266 0.0000000000 0.0000000000 0.0000000000 1.0000000000 1.0000000000 1.0000000000 1
5.9435892284 1.1001197315 11.5158452822 0.0000000000 0.0000000000 0.0000000000 1.0000000000 1.0000000000 1.0000000000 1
0.5004745931 3.0302880337 3.9492765494 0.0000000000 0.0000000000 0.0000000000 1.0000000000 1.0000000000 1.0000000000 1
5.7064407619 4.6522509107 8.9379082198 0.0000000000 0.0000000000 0.0000000000 1.0000000000 1.0000000000 1.0000000000 1
6.0723661950 5.1147277503 4.3911287236 0.0000000000 0.0000000000 0.0000000000 1.0000000000 1.0000000000 1.0000000000 1
5.4413142802 2.4847122937 4.7096980475 0.0000000000 0.0000000000 0.0000000000 1.0000000000 1.0000000000 1.0000000000 1
5.3716673323 0.6653807199 7.4597476366 0.0000000000 0.0000000000 0.0000000000 1.0000000000 1.0000000000 1.0000000000 1
3.5360335308 2.1504507764 12.5977063632 0.0000000000 0.0000000000 0.0000000000 1.0000000000 1.0000000000 1.0000000000 1
0.4053352749 4.9933263020 12.7061084901 0.0000000000 0.0000000000 0.0000000000 1.0000000000 1.0000000000 1.0000000000 1
2.5874411673 3.9530818777 0.5652959142 0.0000000000 0.0000000000 0.0000000000 1.0000000000 1.0000000000 1.0000000000 1
5.0482848550 1.8224349947 7.2119866953 0.0000000000 0.0000000000 0.0000000000 1.0000000000 1.0000000000 1.0000000000 0
5.7651543621 4.5962664379 0.7048900323 0.0000000000 0.0000000000 0.0000000000 1.0000000000 1.0000000000 1.0000000000 1
2.4890713065 5.5077448633 2.4535577009 0.0000000000 0.0000000000 0.0000000000 1.0000000000 1.0000000000 1.0000000000 1
3.6296613534 5.5494557106 11.7177264065 0.0000000000 0.0000000000 0.0000000000 1.0000000000 1.0000000000 1.0000000000 1
5.8772837061 1.4746445138 1.0069581349 0.0000000000 0.0000000000 0.0000000000 1.0000000000 1.0000000000 1.0000000000 1
4.1121277402 1.5123849257 10.4907250599 0.0000000000 0.0000000000 0.0000000000 1.0000000000 1.0000000000 1.0000000000 1
4.5748803359 4.0623700603 8.2957198171 0.0000000000 0.0000000000 0.0000000000 1.0000000000 1.0000000000 1.0000000000 1
0.2003039628 1.9517654574 0.3110680683 0.0000000000 0.0000000000 0.0000000000 1.0000000000 1.0000000000 1.0000000000 1
1.5264272968 5.6898727154 13.4527705790 0.0000000000 0.0000000000 0.0000000000 1.0000000000 1.0000000000 1.0000000000 0
5.5725867857 3.4682164124 11.5134842815 0.0000000000 0.0000000000 0.0000000000 1.0000000000 1.0000000000 1.0000000000 1
2.1832158631 3.9068083505 10.6873741143 0.0000000000 0.0000000000 0.0000000000 1.0000000000 1.0000000000 1.0000000000 1
3.4716442562 5.4730688725 18.2778094301 0.0000000000 0.0000000000 0.0000000000 1.0000000000 1.0000000000 1.0000000000 0
1.3111463259 4.6116118900 9.0728342023 0.0000000000 0.0000000000 0.0000000000 1.0000000000 1.0000000000 1.0000000000 0
5.1004310838 4.4758616581 17.8745169404 0.0000000000 0.0000000000 0.0000000000 1.0000000000 1.0000000000 1.0000000000 1
3.8301991369 2.1437962949 1.2006357094 0.0000000000 0.0000000000 0.0000000000 1.0000000000 1.0000000000 1.0000000000 1
