5.3970304337 2.3957545198 5.1475571665 0.0000000000 0.0000000000 0.0000000000 1.0000000000 1.0000000000 1.0000000000 1
0.8387944853 5.3932228675 7.2930059011 0.0000000000 0.0000000000 0.0000000000 1.0000000000 1.0000000000 1.0000000000 0
5.3313033470 1.1228464246 16.2392912921 0.0000000000 0.0000000000 0.0000000000 1.0000000000 1.0000000000 1.0000000000 1
0.2405037808 0.6473826166 16.0393143379 0.0000000000 0.0000000000 0.0000000000 1.0000000000 1.0000000000 1.0000000000 1
3.7703281450 4.5909639310 5.0659333795 0.0000000000 0.0000000000 0.0000000000 1.0000000000 1.0000000000 1.0000000000 0
1.5357872811 5.0142058280 18.9268531827 0.0000000000 0.0000000000 0.0000000000 1.0000000000 1.0000000000 1.0000000000 0
5.9451258312 1.0300924313 8.1071274918 0.0000000000 0.0000000000 0.0000000000 1.0000000000 1.0000000000 1.0000000000 0
3.1985433479 0.7896600961 1.7911636241 0.0000000000 0.0000000000 0.0000000000 1.0000000000 1.0000000000 1.0000000000 1
2.8996757663 1.0396616109 17.3806466488 0.0000000000 0.0000000000 0.0000000000 1.0000000000 1.0000000000 1.0000000000 1
2.2932081395 5.8744232614 4.8843637820 0.0000000000 0.0000000000 0.0000000000 1.0000000000 1.0000000000 1.0000000000 0
1.7656380824 5.7484120561 1.2586823915 0.0000000000 0.0000000000 0.0000000000 1.0000000000 1.0000000000 1.0000000000 1
2.7514930043 2.6415020372 7.2659806386 0.0000000000 0.0000000000 0.0000000000 1.0000000000 1.0000000000 1.0000000000 0
4.9003495639 3.3144912839 19.7169321217 0.0000000000 0.0000000000 0.0000000000 1.0000000000 1.0000000000 1.0000000000 0
0.5046557668 2.5032419739 12.8999221315 0.0000000000 0.0000000000 0.0000000000 1.0000000000 1.0000000000 1.0000000000 0
0.6169939113 5.4330695582 19.9707307286 0.0000000000 0.0000000000 0.0000000000 1.0000000000 1.0000000000 1.0000000000 1
1.6759584763 3.7427028437 0.6681060748 0.0000000000 0.0000000000 0.0000000000 1.0000000000 1.0000000000 1.0000000000 1
1.1003144772 3.1492734409 1.4673007886 0.0000000000 0.0000000000 0.0000000000 1.0000000000 1.0000000000 1.0000000000 1
2.4431533988 0.9238098397 7.3240607902 0.0000000000 0.0000000000 0.0000000000 1.0000000000 1.0000000000 1.0000000000 0
1.4087527053 3.5766255086 14.0550461445 0.0000000000 0.0000000000 0.0000000000 1.0000000000 1.0000000000 1.0000000000 0
3.4111865220 4.5798308988 1.2792764563 0.0000000000 0.0000000000 0.0000000000 1.0000000000 1.0000000000 1.0000000000 1
3.5785586012 0.8215345325 13.1280746717 0.0000000000 0.0000000000 0.0000000000 1.0000000000 1.0000000000 1.0000000000 0
4.2638077876 5.2208083670 19.8869728781 0.0000000000 0.0000000000 0.0000000000 1.0000000000 1.0000000000 1.0000000000 0
0.9990782546 3.7186386036 2.7272280944 0.0000000000 0.0000000000 0.0000000000 1.0000000000 1.0000000000 1.0000000000 0
4.3449188717 2.2024347688 2.8903411068 0.0000000000 0.0000000000 0.0000000000 1.0000000000 1.0000000000 1.0000000000 0
1.5713151127 5.0866650134 0.0090445815 0.0000000000 0.0000000000 0.0000000000 1.0000000000 1.0000000000 1.0000000000 1
0.5050624575 1.3006204592 12.5051762678 0.0000000000 0.0000000000 0.0000000000 1.0000000000 1.0000000000 1.0000000000 0
1.5597275728 1.2504844217 9.6389315783 0.0000000000 0.0000000000 0.0000000000 1.0000000000 1.0000000000 1.0000000000 0
5.1718959432 2.8879388127 1.3790427133 0.0000000000 0.0000000000 0.0000000000 1.0000000000 1.0000000000 1.0000000000 1
3.1736616206 5.5150140812 7.8732810548 0.0000000000 0.0000000000 0.0000000000 1.0000000000 1.0000000000 1.0000000000 0
2.4129262762 4.6195558504 10.4864133713 0.0000000000 0.0000000000 0.0000000000 1.0000000000 1.0000000000 1.0000000000 0
5.7499971239 5.1526128437 4.4552895758 0.0000000000 0.0000000000 0.0000000000 1.0000000000 1.0000000000 1.0000000000 0
4.2911476676 3.5464843660 15.4743351084 0.0000000000 0.0000000000 0.0000000000 1.0000000000 1.0000000000 1.0000000000 1
5.1688132964 3.9417476631 7.1522913985 0.0000000000 0.0000000000 0.0000000000 1.0000000000 1.0000000000 1.0000000000 0
5.6011446833 3.1949897849 10.6455413561 0.0000000000 0.0000000000 0.0000000000 1.0000000000 1.0000000000 1.0000000000 0
5.7860496747 0.8139318126 3.2393053460 0.0000000000 0.0000000000 0.0000000000 1.0000000000 1.0000000000 1.0000000000 0
2.4492370508 1.4001620596 19.8334683967 0.0000000000 0.0000000000 0.0000000000 1.0000000000 1.0000000000 1.0000000000 0
1.2354108264 3.4979575396 17.9119882793 0.0000000000 0.0000000000 0.0000000000 1.0000000000 1.0000000000 1.0000000000 1
1.5606205363 1.0033230227 13.8658670868 0.0000000000 0.0000000000 0.0000000000 1.0000000000 1.0000000000 1.0000000000 0
3.9403380450 2.1372938946 16.9573781490 0.0000000000 0.0000000000 0.0000000000 1.0000000000 1.0000000000 1.0000000000 1
2.1015155066 3.3428917945 15.3154524310 0.0000000000 0.0000000000 0.0000000000 1.0000000000 1.0000000000 1.0000000000 1
0.9560728749 4.2088688291 1.6190313343 0.0000000000 0.0000000000 0.0000000000 1.0000000000 1.0000000000 1.0000000000 1
4.3893428845 1.2084867684 3.0413155650 0.0000000000 0.0000000000 0.0000000000 1.0000000000 1.0000000000 1.0000000000 0
1.1646679927 3.1143083889 15.0487132138 0.0000000000 0.0000000000 0.0000000000 1.0000000000 1.0000000000 1.0000000000 1
3.4629504249 5.5231476761 4.7994420689 0.0000000000 0.0000000000 0.0000000000 1.0000000000 1.0000000000 1.0000000000 0
3.9131099203 5.0789321237 16.0410378786 0.0000000000 0.0000000000 0.0000000000 1.0000000000 1.0000000000 1.0000000000 1
1.4263232604 2.9913131574 13.0936392264 0.0000000000 0.0000000000 0.0000000000 1.0000000000 1.0000000000 1.0000000000 0
0.8478747411 0.7749055619 2.7878681802 0.0000000000 0.0000000000 0.0000000000 1.0000000000 1.0000000000 1.0000000000 0
5.0231810202 1.5754900148 19.6225453751 0.0000000000 0.0000000000 0.0000000000 1.0000000000 1.0000000000 1.0000000000 0
4.4632177178 0.0076902816 19.0280145560 0.0000000000 0.0000000000 0.0000000000 1.0000000000 1.0000000000 1.0000000000 0
5.0267555453 1.2707513756 8.5432781576 0.0000000000 0.0000000000 0.0000000000 1.0000000000 1.0000000000 1.0000000000 0
4.1343023415 4.3672369008 8.7336301888 0.0000000000 0.0000000000 0.0000000000 1.0000000000 1.0000000000 1.0000000000 0
3.9645997864 2.9733469880 19.5617210327 0.0000000000 0.0000000000 0.0000000000 1.0000000000 1.0000000000 1.0000000000 0
3.9079019805 1.3110693394 8.2483817024 0.0000000000 0.0000000000 0.0000000000 1.0000000000 1.0000000000 1.0000000000 0
5.9560707322 1.6368578370 13.8422396902 0.0000000000 0.0000000000 0.0000000000 1.0000000000 1.0000000000 1.0000000000 0
3.4614359917 2.7883710183 18.7046463011 0.0000000000 0.0000000000 0.0000000000 1.0000000000 1.0000000000 1.0000000000 0
0.5381020715 0.6201323678 3.8497851225 0.0000000000 0.0000000000 0.0000000000 1.0000000000 1.0000000000 1.0000000000 0
4.2835890932 0.7660167113 5.5457526310 0.0000000000 0.0000000000 0.0000000000 1.0000000000 1.0000000000 1.0000000000 0
2.5835571251 3.9712680322 1.2615609879 0.0000000000 0.0000000000 0.0000000000 1.0000000000 1.0000000000 1.0000000000 1
2.7376254249 4.5869753561 4.7961429849 0.0000000000 0.0000000000 0.0000000000 1.0000000000 1.0000000000 1.0000000000 0
1.5379658533 2.3812995710 7.8690295002 0.0000000000 0.0000000000 0.0000000000 1.0000000000 1.0000000000 1.0000000000 0
2.1458427592 5.4357874872 13.2546619281 0.0000000000 0.0000000000 0.0000000000 1.0000000000 1.0000000000 1.0000000000 0
0.6543367084 1.6613767694 9.6674831498 0.0000000000 0.0000000000 0.0000000000 1.0000000000 1.0000000000 1.0000000000 0
2.0536211408 3.5476847367 17.3015861998 0.0000000000 0.0000000000 0.0000000000 1.0000000000 1.0000000000 1.0000000000 1
0.0234916786 0.9091881544 1.2414659112 0.0000000000 0.0000000000 0.0000000000 1.0000000000 1.0000000000 1.0000000000 1
1.0250134238 5.2669683725 6.3071879322 0.0000000000 0.0000000000 0.0000000000 1.0000000000 1.0000000000 1.0000000000 0
3.0626495519 2.2228240998 19.5651080086 0.0000000000 0.0000000000 0.0000000000 1.0000000000 1.0000000000 1.0000000000 0
0.1358750920 5.8820789846 19.0066914469 0.0000000000 0.0000000000 0.0000000000 1.0000000000 1.0000000000 1.0000000000 0
1.4709918635 0.3050722433 3.4491582629 0.0000000000 0.0000000000 0.0000000000 1.0000000000 1.0000000000 1.0000000000 0
5.9105827726 2.8209445231 0.4830257807 0.0000000000 0.0000000000 0.0000000000 1.0000000000 1.0000000000 1.0000000000 1
0.5991787572 0.7898561454 13.5693379354 0.0000000000 0.0000000000 0.0000000000 1.0000000000 1.0000000000 1.0000000000 0
0.9577522810 1.5397782228 8.6357165344 0.0000000000 0.0000000000 0.0000000000 1.0000000000 1.0000000000 1.0000000000 0
4.3745112328 2.1939555316 14.6652283523 0.0000000000 0.0000000000 0.0000000000 1.0000000000 1.0000000000 1.0000000000 0
1.3946314274 5.7627149569 10.1176999228 0.0000000000 0.0000000000 0.0000000000 1.0000000000 1.0000000000 1.0000000000 0
2.3381365078 0.0430914966 15.4842269449 0.0000000000 0.0000000000 0.0000000000 1.0000000000 1.0000000000 1.0000000000 1
1.7572505369 4.1834965051 11.6451956277 0.0000000000 0.0000000000 0.0000000000 1.0000000000 1.0000000000 1.0000000000 0
5.1350843853 1.0835418040 0.5320855749 0.0000000000 0.0000000000 0.0000000000 1.0000000000 1.0000000000 1.0000000000 0
0.2990352424 5.8313655098 9.3955036788 0.0000000000 0.0000000000 0.0000000000 1.0000000000 1.0000000000 1.0000000000 0
0.6694610755 0.7292107526 10.2717530841 0.0000000000 0.0000000000 0.0000000000 1.0000000000 1.0000000000 1.0000000000 0
4.9870582473 1.0951271153 17.7647268189 0.0000000000 0.0000000000 0.0000000000 1.0000000000 1.0000000000 1.0000000000 1
2.0452404070 5.1336487176 6.7503764570 0.0000000000 0.0000000000 0.0000000000 1.0000000000 1.0000000000 1.0000000000 0
0.6241385153 2.7876996871 19.6823883491 0.0000000000 0.0000000000 0.0000000000 1.0000000000 1.0000000000 1.0000000000 0
2.6993217773 2.6371249785 2.9742931431 0.0000000000 0.0000000000 0.0000000000 1.0000000000 1.0000000000 1.0000000000 0
2.3318884722 2.8566969365 0.6569732132 0.0000000000 0.0000000000 0.0000000000 1.0000000000 1.0000000000 1.0000000000 1
0.8119085477 4.5370445006 0.5664513437 0.0000000000 0.0000000000 0.0000000000 1.0000000000 1.0000000000 1.0000000000 1
3.8723720231 5.7513857204 9.6358848216 0.0000000000 0.0000000000 0.0000000000 1.0000000000 1.0000000000 1.0000000000 0
3.3695740522 3.8059971719 8.7877514008 0.0000000000 0.0000000000 0.0000000000 1.0000000000 1.0000000000 1.0000000000 0
0.3112345488 1.8030486791 3.3351363508 0.0000000000 0.0000000000 0.0000000000 1.0000000000 1.0000000000 1.0000000000 0
2.9743248453 0.7084827049 14.2320543453 0.0000000000 0.0000000000 0.0000000000 1.0000000000 1.0000000000 1.0000000000 0
0.9718570448 0.5644735565 9.2417383735 0.0000000000 0.0000000000 0.0000000000 1.0000000000 1.0000000000 1.0000000000 0
2.6477120484 1.7094592168 6.7991790584 0.0000000000 0.0000000000 0.0000000000 1.0000000000 1.0000000000 1.0000000000 0
4.3931702225 5.6618327610 15.2304755169 0.0000000000 0.0000000000 0.0000000000 1.0000000000 1.0000000000 1.0000000000 1
3.2238614807 4.2112434234 6.0248458918 0.0000000000 0.0000000000 0.0000000000 1.0000000000 1.0000000000 1.0000000000 0
2.0465425449 4.9894594874 2.5117704774 0.0000000000 0.0000000000 0.0000000000 1.0000000000 1.0000000000 1.0000000000 0
3.0304261411 3.6799434630 3.6470707593 0.0000000000 0.0000000000 0.0000000000 1.0000000000 1.0000000000 1.0000000000 0
4.3161008958 2.9770449434 10.4783199909 0.0000000000 0.0000000000 0.0000000000 1.0000000000 1.0000000000 1.0000000000 0
2.8658185679 5.1734485924 13.8731305721 0.0000000000 0.0000000000 0.0000000000 1.0000000000 1.0000000000 1.0000000000 0
5.9567082470 2.0187426982 8.6411298476 0.0000000000 0.0000000000 0.0000000000 1.0000000000 1.0000000000 1.0000000000 0
5.2296640237 0.4843925537 19.5875149665 0.0000000000 0.0000000000 0.0000000000 1.0000000000 1.0000000000 1.0000000000 0
0.6308815239 4.1656869247 14.4449060326 0.0000000000 0.0000000000 0.0000000000 1.0000000000 1.0000000000 1.0000000000 1
2.8711731402 1.4866785149 2.4740194763 0.0000000000 0.0000000000 0.0000000000 1.0000000000 1.0000000000 1.0000000000 0
2.2942936932 4.6234676943 3.6761933254 0.0000000000 0.0000000000 0.0000000000 1.0000000000 1.0000000000 1.0000000000 0
3.2174440760 0.3482371840 10.3640698678 0.0000000000 0.0000000000 0.0000000000 1.0000000000 1.0000000000 1.0000000000 0
0.4828673817 3.5949799120 8.6367279480 0.0000000000 0.0000000000 0.0000000000 1.0000000000 1.0000000000 1.0000000000 0
3.5028206228 2.3935402402 2.3602367616 0.0000000000 0.0000000000 0.0000000000 1.0000000000 1.0000000000 1.0000000000 0
3.8023776408 1.5907557081 12.4319647058 0.0000000000 0.0000000000 0.0000000000 1.0000000000 1.0000000000 1.0000000000 0
0.3034573439 5.5543594368 8.3024525976 0.0000000000 0.0000000000 0.0000000000 1.0000000000 1.0000000000 1.0000000000 0
4.8854875102 0.1180435808 0.4661457713 0.0000000000 0.0000000000 0.0000000000 1.0000000000 1.0000000000 1.0000000000 1
1.0380268944 0.1693554288 17.3890610610 0.0000000000 0.0000000000 0.0000000000 1.0000000000 1.0000000000 1.0000000000 1
3.6994267901 0.3973338778 7.9097163264 0.0000000000 0.0000000000 0.0000000000 1.0000000000 1.0000000000 1.0000000000 0
4.8616716003 4.0699289014 2.8329485037 0.0000000000 0.0000000000 0.0000000000 1.0000000000 1.0000000000 1.0000000000 0
0.0109993969 0.1237185229 17.1846077990 0.0000000000 0.0000000000 0.0000000000 1.0000000000 1.0000000000 1.0000000000 1
0.8030802394 5.5516239261 1.1740524334 0.0000000000 0.0000000000 0.0000000000 1.0000000000 1.0000000000 1.0000000000 1
4.6264227702 2.3293988980 12.8119601945 0.0000000000 0.0000000000 0.0000000000 1.0000000000 1.0000000000 1.0000000000 0
5.9735846173 4.5982037141 16.9015744429 0.0000000000 0.0000000000 0.0000000000 1.0000000000 1.0000000000 1.0000000000 1
2.2701687556 5.7838415279 7.5163956066 0.0000000000 0.0000000000 0.0000000000 1.0000000000 1.0000000000 1.0000000000 0
4.4097384028 4.3754631257 4.2017292668 0.0000000000 0.0000000000 0.0000000000 1.0000000000 1.0000000000 1.0000000000 0
2.0110807803 2.8668212998 16.5814669607 0.0000000000 0.0000000000 0.0000000000 1.0000000000 1.0000000000 1.0000000000 1
5.9753370823 4.7046400218 1.2859161781 0.0000000000 0.0000000000 0.0000000000 1.0000000000 1.0000000000 1.0000000000 1
2.7803732255 5.5643447198 1.7984587156 0.0000000000 0.0000000000 0.0000000000 1.0000000000 1.0000000000 1.0000000000 0
5.8777675661 3.9634379842 9.5941384959 0.0000000000 0.0000000000 0.0000000000 1.0000000000 1.0000000000 1.0000000000 0
5.8183370158 2.5553225325 2.9030984574 0.0000000000 0.0000000000 0.0000000000 1.0000000000 1.0000000000 1.0000000000 0
3.4897096352 4.4341259221 15.3493685526 0.0000000000 0.0000000000 0.0000000000 1.0000000000 1.0000000000 1.0000000000 1
0.0585729489 1.1106938398 9.1582013053 0.0000000000 0.0000000000 0.0000000000 1.0000000000 1.0000000000 1.0000000000 0
5.8157719039 5.6283708809 11.8855973333 0.0000000000 0.0000000000 0.0000000000 1.0000000000 1.0000000000 1.0000000000 0
4.8270399780 1.2834904532 14.8507057626 0.0000000000 0.0000000000 0.0000000000 1.0000000000 1.0000000000 1.0000000000 1
5.8535808271 1.9341675704 15.8816799618 0.0000000000 0.0000000000 0.0000000000 1.0000000000 1.0000000000 1.0000000000 1
3.0050584448 3.1319280176 1.8430986539 0.0000000000 0.0000000000 0.0000000000 1.0000000000 1.0000000000 1.0000000000 1
1.4783678834 1.3756338252 7.5937740592 0.0000000000 0.0000000000 0.0000000000 1.0000000000 1.0000000000 1.0000000000 0
4.1651218820 1.9952975148 3.9858947612 0.0000000000 0.0000000000 0.0000000000 1.0000000000 1.0000000000 1.0000000000 0
4.9830394048 3.1039656477 2.6596485380 0.0000000000 0.0000000000 0.0000000000 1.0000000000 1.0000000000 1.0000000000 0
2.3666942704 2.8338881281 4.9607806084 0.0000000000 0.0000000000 0.0000000000 1.0000000000 1.0000000000 1.0000000000 0
0.3139456319 0.5526144546 18.1243462920 0.0000000000 0.0000000000 0.0000000000 1.0000000000 1.0000000000 1.0000000000 1
2.0824089702 4.4481989431 16.7378194819 0.0000000000 0.0000000000 0.0000000000 1.0000000000 1.0000000000 1.0000000000 1
4.2488636990 0.2080536866 6.5571342320 0.0000000000 0.0000000000 0.0000000000 1.0000000000 1.0000000000 1.0000000000 0
1.5726862936 4.1330517654 14.9109446515 0.0000000000 0.0000000000 0.0000000000 1.0000000000 1.0000000000 1.0000000000 1
5.3553585000 4.1669404724 1.8980175918 0.0000000000 0.0000000000 0.0000000000 1.0000000000 1.0000000000 1.0000000000 0
0.4239319613 4.1473681059 10.6237245630 0.0000000000 0.0000000000 0.0000000000 1.0000000000 1.0000000000 1.0000000000 0
4.8514192715 1.1882256969 11.0151962289 0.0000000000 0.0000000000 0.0000000000 1.0000000000 1.0000000000 1.0000000000 0
5.3252691093 4.2094933880 6.0332343862 0.0000000000 0.0000000000 0.0000000000 1.0000000000 1.0000000000 1.0000000000 0
5.1662645182 3.6002481926 18.0391420996 0.0000000000 0.0000000000 0.0000000000 1.0000000000 1.0000000000 1.0000000000 0
4.7074505159 1.7444993730 5.5276113906 0.0000000000 0.0000000000 0.0000000000 1.0000000000 1.0000000000 1.0000000000 0
1.6397913283 2.4188324924 6.7743185597 0.0000000000 0.0000000000 0.0000000000 1.0000000000 1.0000000000 1.0000000000 0
4.1615839729 2.8826298446 1.5847962727 0.0000000000 0.0000000000 0.0000000000 1.0000000000 1.0000000000 1.0000000000 1
5.6942718902 3.9173258691 8.0275833648 0.0000000000 0.0000000000 0.0000000000 1.0000000000 1.0000000000 1.0000000000 0
1.8922434342 2.5701622635 14.3548750800 0.0000000000 0.0000000000 0.0000000000 1.0000000000 1.0000000000 1.0000000000 1
0.0949247562 2.1486667016 1.3630109904 0.0000000000 0.0000000000 0.0000000000 1.0000000000 1.0000000000 1.0000000000 1
5.3153866351 0.6000648676 12.3480527918 0.0000000000 0.0000000000 0.0000000000 1.0000000000 1.0000000000 1.0000000000 0
1.6853776162 3.4412772357 6.3470179164 0.0000000000 0.0000000000 0.0000000000 1.0000000000 1.0000000000 1.0000000000 0
5.5701813093 4.3297364400 15.0723587382 0.0000000000 0.0000000000 0.0000000000 1.0000000000 1.0000000000 1.0000000000 1
1.8063712758 1.7341318892 14.8074585805 0.0000000000 0.0000000000 0.0000000000 1.0000000000 1.0000000000 1.0000000000 1
1.0074602167 0.9872515382 18.6856807723 0.0000000000 0.0000000000 0.0000000000 1.0000000000 1.0000000000 1.0000000000 0
2.5577962372 3.9835551674 2.6483105582 0.0000000000 0.0000000000 0.0000000000 1.0000000000 1.0000000000 1.0000000000 0
2.2825642106 5.2446562672 11.8319516998 0.0000000000 0.0000000000 0.0000000000 1.0000000000 1.0000000000 1.0000000000 0
4.0987819239 3.8934105551 14.5177683102 0.0000000000 0.0000000000 0.0000000000 1.0000000000 1.0000000000 1.0000000000 0
5.2867772429 2.1942973443 6.1778124088 0.0000000000 0.0000000000 0.0000000000 1.0000000000 1.0000000000 1.0000000000 0
3.4243640154 4.2251652416 2.2100595705 0.0000000000 0.0000000000 0.0000000000 1.0000000000 1.0000000000 1.0000000000 1
2.4805326802 1.1468630636 5.4428877854 0.0000000000 0.0000000000 0.0000000000 1.0000000000 1.0000000000 1.0000000000 0
0.2868928823 1.4503124173 2.0431221806 0.0000000000 0.0000000000 0.0000000000 1.0000000000 1.0000000000 1.0000000000 1
5.5139050212 5.3253614899 0.4800266906 0.0000000000 0.0000000000 0.0000000000 1.0000000000 1.0000000000 1.0000000000 0
0.9159270287 2.8723201962 16.0714626292 0.0000000000 0.0000000000 0.0000000000 1.0000000000 1.0000000000 1.0000000000 1
3.3381460329 2.5225986546 10.7771914799 0.0000000000 0.0000000000 0.0000000000 1.0000000000 1.0000000000 1.0000000000 0
4.0684747873 1.1784192464 17.4181997456 0.0000000000 0.0000000000 0.0000000000 1.0000000000 1.0000000000 1.0000000000 1
3.3524404329 0.2696605931 5.5328282872 0.0000000000 0.0000000000 0.0000000000 1.0000000000 1.0000000000 1.0000000000 0
3.1610398217 0.0449114869 8.9769814127 0.0000000000 0.0000000000 0.0000000000 1.0000000000 1.0000000000 1.0000000000 0
4.1668671033 0.2688275235 18.0009904446 0.0000000000 0.0000000000 0.0000000000 1.0000000000 1.0000000000 1.0000000000 1
4.0226379729 1.5156993011 2.1090997504 0.0000000000 0.0000000000 0.0000000000 1.0000000000 1.0000000000 1.0000000000 1
4.7594130363 1.0356705987 9.5691837724 0.0000000000 0.0000000000 0.0000000000 1.0000000000 1.0000000000 1.0000000000 0
1.8146485328 3.2228511225 7.3399714638 0.0000000000 0.0000000000 0.0000000000 1.0000000000 1.0000000000 1.0000000000 0
3.7380534336 5.2168979394 6.4932499507 0.0000000000 0.0000000000 0.0000000000 1.0000000000 1.0000000000 1.0000000000 0
4.4190251849 4.7869657260 0.7780433368 0.0000000000 0.0000000000 0.0000000000 1.0000000000 1.0000000000 1.0000000000 1
1.0819850582 3.1013449411 17.0167609117 0.0000000000 0.0000000000 0.0000000000 1.0000000000 1.0000000000 1.0000000000 1
0.3379856660 0.4732032326 19.7991442310 0.0000000000 0.0000000000 0.0000000000 1.0000000000 1.0000000000 1.0000000000 0
1.4023038995 3.2589050082 11.1426800628 0.0000000000 0.0000000000 0.0000000000 1.0000000000 1.0000000000 1.0000000000 0
2.2671484649 1.7560780103 4.6108617014 0.0000000000 0.0000000000 0.0000000000 1.0000000000 1.0000000000 1.0000000000 0
2.9671077839 5.0802886999 18.6890033652 0.0000000000 0.0000000000 0.0000000000 1.0000000000 1.0000000000 1.0000000000 0
1.6961129317 4.4237599381 6.0722186568 0.0000000000 0.0000000000 0.0000000000 1.0000000000 1.0000000000 1.0000000000 0
4.9812588448 4.5352821082 14.1145665462 0.0000000000 0.0000000000 0.0000000000 1.0000000000 1.0000000000 1.0000000000 0
5.7906342577 4.9855673552 7.6861124550 0.0000000000 0.0000000000 0.0000000000 1.0000000000 1.0000000000 1.0000000000 0
4.2589168945 3.0315100372 7.5820657666 0.0000000000 0.0000000000 0.0000000000 1.0000000000 1.0000000000 1.0000000000 0
0.6864009829 4.5683881206 19.4587307774 0.0000000000 0.0000000000 0.0000000000 1.0000000000 1.0000000000 1.0000000000 0
4.3127945484 5.0821902722 11.3627487394 0.0000000000 0.0000000000 0.0000000000 1.0000000000 1.0000000000 1.0000000000 0
3.6809056754 5.2632247533 17.5820609033 0.0000000000 0.0000000000 0.0000000000 1.0000000000 1.0000000000 1.0000000000 1
1.7890352439 0.5882700830 18.2230902181 0.0000000000 0.0000000000 0.0000000000 1.0000000000 1.0000000000 1.0000000000 0
2.3120364120 5.8157793332 10.5664711713 0.0000000000 0.0000000000 0.0000000000 1.0000000000 1.0000000000 1.0000000000 0
5.2433058975 2.8114373269 7.1671335164 0.0000000000 0.0000000000 0.0000000000 1.0000000000 1.0000000000 1.0000000000 0
1.8353095673 4.7533817025 15.8295304443 0.0000000000 0.0000000000 0.0000000000 1.0000000000 1.0000000000 1.0000000000 1
1.7184190335 2.3930139715 15.6174421233 0.0000000000 0.0000000000 0.0000000000 1.0000000000 1.0000000000 1.0000000000 1
3.2428182893 1.2607606843 18.2893619967 0.0000000000 0.0000000000 0.0000000000 1.0000000000 1.0000000000 1.0000000000 1
2.1904894918 1.7891136183 8.5776084771 0.0000000000 0.0000000000 0.0000000000 1.0000000000 1.0000000000 1.0000000000 0
5.9748307481 1.6881545998 0.2698336055 0.0000000000 0.0000000000 0.0000000000 1.0000000000 1.0000000000 1.0000000000 1
5.2491271882 5.8050817024 7.9288685466 0.0000000000 0.0000000000 0.0000000000 1.0000000000 1.0000000000 1.0000000000 0
1.1889273601 2.5193455100 9.6756497256 0.0000000000 0.0000000000 0.0000000000 1.0000000000 1.0000000000 1.0000000000 0
3.3930131864 4.7414024326 9.2327855565 0.0000000000 0.0000000000 0.0000000000 1.0000000000 1.0000000000 1.0000000000 0
5.4967320533 0.0209382469 1.2593342917 0.0000000000 0.0000000000 0.0000000000 1.0000000000 1.0000000000 1.0000000000 1
4.2134992015 1.8848197692 0.9263118968 0.0000000000 0.0000000000 0.0000000000 1.0000000000 1.0000000000 1.0000000000 1
1.3576539708 5.1073581656 3.2922990045 0.0000000000 0.0000000000 0.0000000000 1.0000000000 1.0000000000 1.0000000000 0
2.7993068795 4.5249497034 13.1089314520 0.0000000000 0.0000000000 0.0000000000 1.0000000000 1.0000000000 1.0000000000 0
0.9546418598 1.2850762321 15.4516992580 0.0000000000 0.0000000000 0.0000000000 1.0000000000 1.0000000000 1.0000000000 1
5.4706014884 0.3802408815 8.7116515309 0.0000000000 0.0000000000 0.0000000000 1.0000000000 1.0000000000 1.0000000000 0
1.2043011440 4.1932206911 17.1189086536 0.0000000000 0.0000000000 0.0000000000 1.0000000000 1.0000000000 1.0000000000 1
3.0497452460 5.4743997555 16.7504694848 0.0000000000 0.0000000000 0.0000000000 1.0000000000 1.0000000000 1.0000000000 1
2.7480093143 5.3929844125 9.6665324087 0.0000000000 0.0000000000 0.0000000000 1.0000000000 1.0000000000 1.0000000000 0
4.7958072944 0.0884426743 11.4102252214 0.0000000000 0.0000000000 0.0000000000 1.0000000000 1.0000000000 1.0000000000 0
2.1820362863 3.3297474175 18.8205142636 0.0000000000 0.0000000000 0.0000000000 1.0000000000 1.0000000000 1.0000000000 1
0.5007851004 2.6021755800 10.6535298170 0.0000000000 0.0000000000 0.0000000000 1.0000000000 1.0000000000 1.0000000000 0
0.5715439799 1.9334871082 7.7642864286 0.0000000000 0.0000000000 0.0000000000 1.0000000000 1.0000000000 1.0000000000 0
0.1682604976 3.1700766660 18.8055939681 0.0000000000 0.0000000000 0.0000000000 1.0000000000 1.0000000000 1.0000000000 0
5.5205415982 1.7412517921 9.6969393461 0.0000000000 0.0000000000 0.0000000000 1.0000000000 1.0000000000 1.0000000000 0
5.5313948136 3.2126334227 17.1002185665 0.0000000000 0.0000000000 0.0000000000 1.0000000000 1.0000000000 1.0000000000 1
0.5211922374 2.2714258707 14.9999111328 0.0000000000 0.0000000000 0.0000000000 1.0000000000 1.0000000000 1.0000000000 1
2.3707136460 5.6975244485 19.2288515801 0.0000000000 0.0000000000 0.0000000000 1.0000000000 1.0000000000 1.0000000000 0
4.5959605823 4.2743087240 13.1105163261 0.0000000000 0.0000000000 0.0000000000 1.0000000000 1.0000000000 1.0000000000 0
0.0791651073 4.1650693683 6.8441821966 0.0000000000 0.0000000000 0.0000000000 1.0000000000 1.0000000000 1.0000000000 0
2.1789011196 4.8211310377 7.6893075441 0.0000000000 0.0000000000 0.0000000000 1.0000000000 1.0000000000 1.0000000000 0
2.4547107783 3.2892479244 9.2709005187 0.0000000000 0.0000000000 0.0000000000 1.0000000000 1.0000000000 1.0000000000 0
2.8857225948 0.8617645037 8.3945094618 0.0000000000 0.0000000000 0.0000000000 1.0000000000 1.0000000000 1.0000000000 0
3.2389287870 2.7106723373 8.7457387648 0.0000000000 0.0000000000 0.0000000000 1.0000000000 1.0000000000 1.0000000000 0
2.6181714127 5.5368577528 0.4707950111 0.0000000000 0.0000000000 0.0000000000 1.0000000000 1.0000000000 1.0000000000 1
1.2338101853 4.1499071462 3.7371394100 0.0000000000 0.0000000000 0.0000000000 1.0000000000 1.0000000000 1.0000000000 0
1.1317588384 5.7362464183 15.0069915683 0.0000000000 0.0000000000 0.0000000000 1.0000000000 1.0000000000 1.0000000000 1
3.1607805969 0.1932461027 7.0023382655 0.0000000000 0.0000000000 0.0000000000 1.0000000000 1.0000000000 1.0000000000 0
1.6070143075 2.4227795533 3.6424713294 0.0000000000 0.0000000000 0.0000000000 1.0000000000 1.0000000000 1.0000000000 0
0.7063989949 2.8185824885 3.3509422195 0.0000000000 0.0000000000 0.0000000000 1.0000000000 1.0000000000 1.0000000000 0
3.8845573193 4.9266310200 13.5295896412 0.0000000000 0.0000000000 0.0000000000 1.0000000000 1.0000000000 1.0000000000 0
5.8478340039 0.1329305331 13.1327286888 0.0000000000 0.0000000000 0.0000000000 1.0000000000 1.0000000000 1.0000000000 0
3.8743025352 0.0071913643 13.8975688379 0.0000000000 0.0000000000 0.0000000000 1.0000000000 1.0000000000 1.0000000000 0
3.2808340082 3.2186623185 6.4384593337 0.0000000000 0.0000000000 0.0000000000 1.0000000000 1.0000000000 1.0000000000 0
4.7374986509 3.8774040992 11.2683827101 0.0000000000 0.0000000000 0.0000000000 1.0000000000 1.0000000000 1.0000000000 0
2.1421843233 5.3907810800 18.2499139450 0.0000000000 0.0000000000 0.0000000000 1.0000000000 1.0000000000 1.0000000000 1
2.2552044570 1.5523551699 17.9798643418 0.0000000000 0.0000000000 0.0000000000 1.0000000000 1.0000000000 1.0000000000 1
2.3768519243 4.0425852692 14.1214104928 0.0000000000 0.0000000000 0.0000000000 1.0000000000 1.0000000000 1.0000000000 0
2.7645405483 5.0743759567 15.7272334842 0.0000000000 0.0000000000 0.0000000000 1.0000000000 1.0000000000 1.0000000000 1
4.7598412122 5.5440580920 4.1726892987 0.0000000000 0.0000000000 0.0000000000 1.0000000000 1.0000000000 1.0000000000 0
0.4227739409 2.6922529144 2.1004537794 0.0000000000 0.0000000000 0.0000000000 1.0000000000 1.0000000000 1.0000000000 0
5.7053310749 5.6022148871 3.5660865551 0.0000000000 0.0000000000 0.0000000000 1.0000000000 1.0000000000 1.0000000000 0
3.5286883931 5.7409924387 0.8776673366 0.0000000000 0.0000000000 0.0000000000 1.0000000000 1.0000000000 1.0000000000 1
2.8834178720 2.0602527893 5.4822159225 0.0000000000 0.0000000000 0.0000000000 1.0000000000 1.0000000000 1.0000000000 0
3.1939784704 4.4426025407 16.6807667397 0.0000000000 0.0000000000 0.0000000000 1.0000000000 1.0000000000 1.0000000000 1
4.7640900530 4.7332044010 7.7688863943 0.0000000000 0.0000000000 0.0000000000 1.0000000000 1.0000000000 1.0000000000 0
1.3073820079 1.8637727238 10.5383723093 0.0000000000 0.0000000000 0.0000000000 1.0000000000 1.0000000000 1.0000000000 0
4.3313378094 0.8211046639 19.8214201910 0.0000000000 0.0000000000 0.0000000000 1.0000000000 1.0000000000 1.0000000000 0
2.0027878946 1.4864308087 15.8859655286 0.0000000000 0.0000000000 0.0000000000 1.0000000000 1.0000000000 1.0000000000 1
5.4862794321 0.8555623783 7.1423149172 0.0000000000 0.0000000000 0.0000000000 1.0000000000 1.0000000000 1.0000000000 0
2.3080450686 3.5968756809 12.9626978031 0.0000000000 0.0000000000 0.0000000000 1.0000000000 1.0000000000 1.0000000000 0
2.2595057895 1.6666576127 3.3319587551 0.0000000000 0.0000000000 0.0000000000 1.0000000000 1.0000000000 1.0000000000 0
2.6151834415 4.9210112606 17.5454373419 0.0000000000 0.0000000000 0.0000000000 1.0000000000 1.0000000000 1.0000000000 0
1.3201732038 3.8553284017 15.9266096149 0.0000000000 0.0000000000 0.0000000000 1.0000000000 1.0000000000 1.0000000000 1
1.0216831145 5.6813671685 18.3057818903 0.0000000000 0.0000000000 0.0000000000 1.0000000000 1.0000000000 1.0000000000 0
2.6013991374 0.6924828605 19.0077512476 0.0000000000 0.0000000000 0.0000000000 1.0000000000 1.0000000000 1.0000000000 0
2.3762408768 2.2261927334 9.6823470814 0.0000000000 0.0000000000 0.0000000000 1.0000000000 1.0000000000 1.0000000000 0
0.0684293684 5.3441803111 2.0712532416 0.0000000000 0.0000000000 0.0000000000 1.0000000000 1.0000000000 1.0000000000 1
1.4414499070 4.6869693294 8.4964566161 0.0000000000 0.0000000000 0.0000000000 1.0000000000 1.0000000000 1.0000000000 0
4.6544062176 0.6645708238 7.5475645145 0.0000000000 0.0000000000 0.0000000000 1.0000000000 1.0000000000 1.0000000000 0
2.8829927702 5.0373637205 3.0294267669 0.0000000000 0.0000000000 0.0000000000 1.0000000000 1.0000000000 1.0000000000 0
1.2278187700 0.2832569572 19.3269304597 0.0000000000 0.0000000000 0.0000000000 1.0000000000 1.0000000000 1.0000000000 0
3.8488823850 3.8933213197 19.8180318992 0.0000000000 0.0000000000 0.0000000000 1.0000000000 1.0000000000 1.0000000000 0
3.3656779138 3.1678257121 7.8674429263 0.0000000000 0.0000000000 0.0000000000 1.0000000000 1.0000000000 1.0000000000 0
1.5223894511 0.5742330638 15.8902277410 0.0000000000 0.0000000000 0.0000000000 1.0000000000 1.0000000000 1.0000000000 1
5.1346695522 0.1064705107 5.9937549774 0.0000000000 0.0000000000 0.0000000000 1.0000000000 1.0000000000 1.0000000000 0
5.2664672835 4.4259030677 5.0618260153 0.0000000000 0.0000000000 0.0000000000 1.0000000000 1.0000000000 1.0000000000 0
0.3346017063 4.5111412756 5.8700236285 0.0000000000 0.0000000000 0.0000000000 1.0000000000 1.0000000000 1.0000000000 0
2.4854347569 3.9216943167 6.7965733856 0.0000000000 0.0000000000 0.0000000000 1.0000000000 1.0000000000 1.0000000000 0
0.8356315775 1.1328671930 11.3824769085 0.0000000000 0.0000000000 0.0000000000 1.0000000000 1.0000000000 1.0000000000 0
4.0731236606 2.0614138014 18.9891359316 0.0000000000 0.0000000000 0.0000000000 1.0000000000 1.0000000000 1.0000000000 0
4.8140196533 0.0748448041 14.2943637566 0.0000000000 0.0000000000 0.0000000000 1.0000000000 1.0000000000 1.0000000000 1
4.7201400976 3.6434113985 8.1537087027 0.0000000000 0.0000000000 0.0000000000 1.0000000000 1.0000000000 1.0000000000 0
3.0948192077 2.2130184027 17.9131455916 0.0000000000 0.0000000000 0.0000000000 1.0000000000 1.0000000000 1.0000000000 1
5.0365025129 1.9475508859 1.7207417815 0.0000000000 0.0000000000 0.0000000000 1.0000000000 1.0000000000 1.0000000000 1
2.6305961681 1.1876268400 9.5703120353 0.0000000000 0.0000000000 0.0000000000 1.0000000000 1.0000000000 1.0000000000 0
0.6708832810 5.7476800233 15.9291906608 0.0000000000 0.0000000000 0.0000000000 1.0000000000 1.0000000000 1.0000000000 1
2.7762288721 2.7113164115 15.9447046341 0.0000000000 0.0000000000 0.0000000000 1.0000000000 1.0000000000 1.0000000000 1
4.1889876613 4.6321045906 17.0717655590 0.0000000000 0.0000000000 0.0000000000 1.0000000000 1.0000000000 1.0000000000 1
5.9336573934 1.5524204224 17.6081357436 0.0000000000 0.0000000000 0.0000000000 1.0000000000 1.0000000000 1.0000000000 1
5.6707948773 3.2741298805 14.7627063117 0.0000000000 0.0000000000 0.0000000000 1.0000000000 1.0000000000 1.0000000000 1
0.2829223824 3.8074640066 17.4782884458 0.0000000000 0.0000000000 0.0000000000 1.0000000000 1.0000000000 1.0000000000 1
2.9196013324 0.8288308290 6.2944960560 0.0000000000 0.0000000000 0.0000000000 1.0000000000 1.0000000000 1.0000000000 0
2.9880714050 3.4270381581 13.6353092087 0.0000000000 0.0000000000 0.0000000000 1.0000000000 1.0000000000 1.0000000000 0
0.9199430733 1.3200142073 17.6922054047 0.0000000000 0.0000000000 0.0000000000 1.0000000000 1.0000000000 1.0000000000 1
4.3190560096 0.5732112712 10.3800592477 0.0000000000 0.0000000000 0.0000000000 1.0000000000 1.0000000000 1.0000000000 0
5.5593752449 2.4949950243 19.4761522178 0.0000000000 0.0000000000 0.0000000000 1.0000000000 1.0000000000 1.0000000000 0
0.8664478200 0.4829604268 8.1707924188 0.0000000000 0.0000000000 0.0000000000 1.0000000000 1.0000000000 1.0000000000 0
1.5577658677 1.9813379629 13.2760558741 0.0000000000 0.0000000000 0.0000000000 1.0000000000 1.0000000000 1.0000000000 0
1.1340444512 2.6638282617 18.6547318328 0.0000000000 0.0000000000 0.0000000000 1.0000000000 1.0000000000 1.0000000000 0
0.0576746205 1.1867485214 19.1064327899 0.0000000000 0.0000000000 0.0000000000 1.0000000000 1.0000000000 1.0000000000 0
5.0368273275 5.0925543451 1.4863575988 0.0000000000 0.0000000000 0.0000000000 1.0000000000 1.0000000000 1.0000000000 0
3.5961495520 0.2973161886 17.0989316377 0.0000000000 0.0000000000 0.0000000000 1.0000000000 1.0000000000 1.0000000000 1
0.7840543363 4.7616848876 9.6754260619 0.0000000000 0.0000000000 0.0000000000 1.0000000000 1.0000000000 1.0000000000 0
0.9083699266 3.5134007351 7.6523784352 0.0000000000 0.0000000000 0.0000000000 1.0000000000 1.0000000000 1.0000000000 0
5.3401184148 2.2907502191 10.9557864604 0.0000000000 0.0000000000 0.0000000000 1.0000000000 1.0000000000 1.0000000000 0
1.8695521726 4.5789894835 12.7482196487 0.0000000000 0.0000000000 0.0000000000 1.0000000000 1.0000000000 1.0000000000 0
4.7219802343 1.0890043135 4.5332452549 0.0000000000 0.0000000000 0.0000000000 1.0000000000 1.0000000000 1.0000000000 0
5.2721414865 2.5644043237 11.9526337501 0.0000000000 0.0000000000 0.0000000000 1.0000000000 1.0000000000 1.0000000000 0
2.8569866520 0.5755377147 16.3662455281 0.0000000000 0.0000000000 0.0000000000 1.0000000000 1.0000000000 1.0000000000 1
0.7013545454 3.4121711473 9.5807168706 0.0000000000 0.0000000000 0.0000000000 1.0000000000 1.0000000000 1.0000000000 0
4.5872834904 3.3557415642 6.4891051412 0.0000000000 0.0000000000 0.0000000000 1.0000000000 1.0000000000 1.0000000000 0
3.8171837104 4.3496968105 18.0316868944 0.0000000000 0.0000000000 0.0000000000 1.0000000000 1.0000000000 1.0000000000 0
5.7424183882 1.3271043547 6.2175075544 0.0000000000 0.0000000000 0.0000000000 1.0000000000 1.0000000000 1.0000000000 0
0.7360221137 5.6335398797 13.2689213970 0.0000000000 0.0000000000 0.0000000000 1.0000000000 1.0000000000 1.0000000000 0
1.8783771587 4.8733242505 9.5362845570 0.0000000000 0.0000000000 0.0000000000 1.0000000000 1.0000000000 1.0000000000 0
5.3713320415 3.6737820692 0.8592770409 0.0000000000 0.0000000000 0.0000000000 1.0000000000 1.0000000000 1.0000000000 1
3.3229410682 5.6076027372 12.9797550044 0.0000000000 0.0000000000 0.0000000000 1.0000000000 1.0000000000 1.0000000000 0
4.3514137056 2.6929497303 13.6947406288 0.0000000000 0.0000000000 0.0000000000 1.0000000000 1.0000000000 1.0000000000 0
2.2840817846 5.4711611975 8.6204373576 0.0000000000 0.0000000000 0.0000000000 1.0000000000 1.0000000000 1.0000000000 0
0.6595124549 1.3968538668 4.2887613104 0.0000000000 0.0000000000 0.0000000000 1.0000000000 1.0000000000 1.0000000000 0
1.4361406182 5.2655387272 17.5069463513 0.0000000000 0.0000000000 0.0000000000 1.0000000000 1.0000000000 1.0000000000 1
5.8856965722 1.1332748977 15.0420494372 0.0000000000 0.0000000000 0.0000000000 1.0000000000 1.0000000000 1.0000000000 1
0.1723551864 4.9773678829 18.6404166865 0.0000000000 0.0000000000 0.0000000000 1.0000000000 1.0000000000 1.0000000000 0
3.0951617938 1.7656712209 7.8591370501 0.0000000000 0.0000000000 0.0000000000 1.0000000000 1.0000000000 1.0000000000 0
2.7552266484 0.5031594067 0.7482684601 0.0000000000 0.0000000000 0.0000000000 1.0000000000 1.0000000000 1.0000000000 1
1.2472573832 5.5708983285 9.1043124533 0.0000000000 0.0000000000 0.0000000000 1.0000000000 1.0000000000 1.0000000000 0
0.7067449707 3.4574877692 12.2511148373 0.0000000000 0.0000000000 0.0000000000 1.0000000000 1.0000000000 1.0000000000 0
3.5119710769 3.5130136128 16.1472577849 0.0000000000 0.0000000000 0.0000000000 1.0000000000 1.0000000000 1.0000000000 1
5.8128175452 5.0866943345 6.6004215207 0.0000000000 0.0000000000 0.0000000000 1.0000000000 1.0000000000 1.0000000000 0
2.7860053288 4.0649847802 12.1867669570 0.0000000000 0.0000000000 0.0000000000 1.0000000000 1.0000000000 1.0000000000 0
2.5481894315 2.2435023410 18.6980608257 0.0000000000 0.0000000000 0.0000000000 1.0000000000 1.0000000000 1.0000000000 0
0.7274314997 5.4739930683 5.4068196762 0.0000000000 0.0000000000 0.0000000000 1.0000000000 1.0000000000 1.0000000000 0
0.1099321204 2.5541399832 9.6170933310 0.0000000000 0.0000000000 0.0000000000 1.0000000000 1.0000000000 1.0000000000 0
5.3142259097 5.8932013538 2.6593828357 0.0000000000 0.0000000000 0.0000000000 1.0000000000 1.0000000000 1.0000000000 0
5.0156964261 1.9496798125 17.0790627294 0.0000000000 0.0000000000 0.0000000000 1.0000000000 1.0000000000 1.0000000000 1
1.6314240246 3.8528539146 9.2937423836 0.0000000000 0.0000000000 0.0000000000 1.0000000000 1.0000000000 1.0000000000 0
0.2293877952 2.2879067906 16.7812312543 0.0000000000 0.0000000000 0.0000000000 1.0000000000 1.0000000000 1.0000000000 1
2.6833253188 3.1143454041 18.0365765521 0.0000000000 0.0000000000 0.0000000000 1.0000000000 1.0000000000 1.0000000000 0
0.1524571865 2.8143824157 4.3395719223 0.0000000000 0.0000000000 0.0000000000 1.0000000000 1.0000000000 1.0000000000 0
0.8823982339 3.6230742356 0.1118634224 0.0000000000 0.0000000000 0.0000000000 1.0000000000 1.0000000000 1.0000000000 0
5.1919223732 5.2788312192 14.9080445204 0.0000000000 0.0000000000 0.0000000000 1.0000000000 1.0000000000 1.0000000000 1
1.6215457071 5.6742097645 16.5257159933 0.0000000000 0.0000000000 0.0000000000 1.0000000000 1.0000000000 1.0000000000 1
2.3622694694 2.7762515638 6.1922416774 0.0000000000 0.0000000000 0.0000000000 1.0000000000 1.0000000000 1.0000000000 0
3.2460345237 2.8425138862 17.0779135385 0.0000000000 0.0000000000 0.0000000000 1.0000000000 1.0000000000 1.0000000000 1
4.0059644992 1.6872129480 4.8227412591 0.0000000000 0.0000000000 0.0000000000 1.0000000000 1.0000000000 1.0000000000 0
4.2246995427 4.1819386957 12.2113714387 0.0000000000 0.0000000000 0.0000000000 1.0000000000 1.0000000000 1.0000000000 0
1.2613699184 3.2227690032 4.4112499447 0.0000000000 0.0000000000 0.0000000000 1.0000000000 1.0000000000 1.0000000000 0
3.6633089929 1.8423221229 6.1087343563 0.0000000000 0.0000000000 0.0000000000 1.0000000000 1.0000000000 1.0000000000 0
5.4246138056 1.7214640766 18.6191261959 0.0000000000 0.0000000000 0.0000000000 1.0000000000 1.0000000000 1.0000000000 0
2.0419456988 4.3254151485 18.2510743385 0.0000000000 0.0000000000 0.0000000000 1.0000000000 1.0000000000 1.0000000000 1
4.2554761234 0.9790988285 14.1497884144 0.0000000000 0.0000000000 0.0000000000 1.0000000000 1.0000000000 1.0000000000 1
4.9570659395 2.7502310741 18.6839675191 0.0000000000 0.0000000000 0.0000000000 1.0000000000 1.0000000000 1.0000000000 0
4.8411851933 3.2922281886 12.7750943143 0.0000000000 0.0000000000 0.0000000000 1.0000000000 1.0000000000 1.0000000000 0
2.9915789688 3.4296474227 19.6188007573 0.0000000000 0.0000000000 0.0000000000 1.0000000000 1.0000000000 1.0000000000 0
3.3345586123 4.4384620476 14.3226604640 0.0000000000 0.0000000000 0.0000000000 1.0000000000 1.0000000000 1.0000000000 1
3.3632162458 2.6736719373 0.6372965096 0.0000000000 0.0000000000 0.0000000000 1.0000000000 1.0000000000 1.0000000000 1
5.0050018467 3.9824120605 9.1021715006 0.0000000000 0.0000000000 0.0000000000 1.0000000000 1.0000000000 1.0000000000 0
0.2860644496 2.6690341875 5.8129575957 0.0000000000 0.0000000000 0.0000000000 1.0000000000 1.0000000000 1.0000000000 0
3.1787870508 3.9153712097 18.7080393497 0.0000000000 0.0000000000 0.0000000000 1.0000000000 1.0000000000 1.0000000000 0
3.5567949801 3.6868535576 1.0347634714 0.0000000000 0.0000000000 0.0000000000 1.0000000000 1.0000000000 1.0000000000 0
2.4708471933 4.4738607369 0.3650948343 0.0000000000 0.0000000000 0.0000000000 1.0000000000 1.0000000000 1.0000000000 0
4.6891891676 1.8083602645 16.0845780376 0.0000000000 0.0000000000 0.0000000000 1.0000000000 1.0000000000 1.0000000000 1
3.5311639431 1.0437807821 19.2953063606 0.0000000000 0.0000000000 0.0000000000 1.0000000000 1.0000000000 1.0000000000 0
2.3353846853 0.0136433732 17.2726518658 0.0000000000 0.0000000000 0.0000000000 1.0000000000 1.0000000000 1.0000000000 1
2.8243923567 1.1018055519 15.3906620212 0.0000000000 0.0000000000 0.0000000000 1.0000000000 1.0000000000 1.0000000000 1
2.3669688163 4.1668518516 8.7063015278 0.0000000000 0.0000000000 0.0000000000 1.0000000000 1.0000000000 1.0000000000 0
2.1074219549 2.2090522930 2.0480173880 0.0000000000 0.0000000000 0.0000000000 1.0000000000 1.0000000000 1.0000000000 1
4.7296259034 5.1226252649 3.2024870856 0.0000000000 0.0000000000 0.0000000000 1.0000000000 1.0000000000 1.0000000000 0
1.6955179809 2.5272163133 8.8712311709 0.0000000000 0.0000000000 0.0000000000 1.0000000000 1.0000000000 1.0000000000 0
2.1088041458 3.8783571988 4.3559551601 0.0000000000 0.0000000000 0.0000000000 1.0000000000 1.0000000000 1.0000000000 0
2.3582087022 2.0956655784 17.1434854794 0.0000000000 0.0000000000 0.0000000000 1.0000000000 1.0000000000 1.0000000000 1
5.5498147750 0.6714092494 14.1637540462 0.0000000000 0.0000000000 0.0000000000 1.0000000000 1.0000000000 1.0000000000 0
0.4239490891 3.7075863361 15.3402106627 0.0000000000 0.0000000000 0.0000000000 1.0000000000 1.0000000000 1.0000000000 1
4.3034770291 5.5314494685 12.5697353296 0.0000000000 0.0000000000 0.0000000000 1.0000000000 1.0000000000 1.0000000000 0
1.2373898558 1.9716585087 1.5054752752 0.0000000000 0.0000000000 0.0000000000 1.0000000000 1.0000000000 1.0000000000 1
4.3343148236 1.1226646071 18.6332691097 0.0000000000 0.0000000000 0.0000000000 1.0000000000 1.0000000000 1.0000000000 0
3.3518611603 1.3112591361 0.3434706912 0.0000000000 0.0000000000 0.0000000000 1.0000000000 1.0000000000 1.0000000000 0
3.5769345129 5.9594989061 15.8245301991 0.0000000000 0.0000000000 0.0000000000 1.0000000000 1.0000000000 1.0000000000 1
5.2648284537 1.7460067960 3.1201574071 0.0000000000 0.0000000000 0.0000000000 1.0000000000 1.0000000000 1.0000000000 0
2.9826662460 5.2739689488 5.6206776966 0.0000000000 0.0000000000 0.0000000000 1.0000000000 1.0000000000 1.0000000000 1
5.0690674480 5.3733961894 17.1137969352 0.0000000000 0.0000000000 0.0000000000 1.0000000000 1.0000000000 1.0000000000 1
3.5614603657 2.7025196350 3.5822628550 0.0000000000 0.0000000000 0.0000000000 1.0000000000 1.0000000000 1.0000000000 0
5.1576251871 0.5477926400 18.5228324735 0.0000000000 0.0000000000 0.0000000000 1.0000000000 1.0000000000 1.0000000000 1
1.0054234055 1.1314508907 16.5812362566 0.0000000000 0.0000000000 0.0000000000 1.0000000000 1.0000000000 1.0000000000 1
0.8955912595 4.3467235901 18.2774569115 0.0000000000 0.0000000000 0.0000000000 1.0000000000 1.0000000000 1.0000000000 0
5.9263822798 2.9527384387 15.6508299190 0.0000000000 0.0000000000 0.0000000000 1.0000000000 1.0000000000 1.0000000000 1
5.7711128249 1.9140188358 7.1458567425 0.0000000000 0.0000000000 0.0000000000 1.0000000000 1.0000000000 1.0000000000 0
2.4235547232 3.7748151704 5.5021236180 0.0000000000 0.0000000000 0.0000000000 1.0000000000 1.0000000000 1.0000000000 0
0.0374303485 2.7804805116 7.7715963856 0.0000000000 0.0000000000 0.0000000000 1.0000000000 1.0000000000 1.0000000000 0
1.3863873947 0.6522090323 4.4801936150 0.0000000000 0.0000000000 0.0000000000 1.0000000000 1.0000000000 1.0000000000 0
1.2929115330 1.2977977888 3.4899774133 0.0000000000 0.0000000000 0.0000000000 1.0000000000 1.0000000000 1.0000000000 0
4.9141026953 4.9705723984 16.0605232283 0.0000000000 0.0000000000 0.0000000000 1.0000000000 1.0000000000 1.0000000000 1
3.7636309141 0.8665699185 9.3122684105 0.0000000000 0.0000000000 0.0000000000 1.0000000000 1.0000000000 1.0000000000 0
1.5432953524 2.5411051455 5.5881114546 0.0000000000 0.0000000000 0.0000000000 1.0000000000 1.0000000000 1.0000000000 1
5.6530478052 4.9003124490 10.9415008246 0.0000000000 0.0000000000 0.0000000000 1.0000000000 1.0000000000 1.0000000000 0
0.6912847250 3.6157443103 6.0299755532 0.0000000000 0.0000000000 0.0000000000 1.0000000000 1.0000000000 1.0000000000 0
3.3448302267 4.6031874194 4.0009029082 0.0000000000 0.0000000000 0.0000000000 1.0000000000 1.0000000000 1.0000000000 0
4.2535773356 0.5925699259 12.1829032507 0.0000000000 0.0000000000 0.0000000000 1.0000000000 1.0000000000 1.0000000000 0
3.6511254627 0.4623953566 14.9258115809 0.0000000000 0.0000000000 0.0000000000 1.0000000000 1.0000000000 1.0000000000 1
3.5731484888 2.4542994273 9.6298554808 0.0000000000 0.0000000000 0.0000000000 1.0000000000 1.0000000000 1.0000000000 0
4.4616938718 4.5189314582 15.2913999824 0.0000000000 0.0000000000 0.0000000000 1.0000000000 1.0000000000 1.0000000000 1
3.2717150430 1.6582985790 3.4905919881 0.0000000000 0.0000000000 0.0000000000 1.0000000000 1.0000000000 1.0000000000 0
1.6793889644 1.7768770844 18.8846970763 0.0000000000 0.0000000000 0.0000000000 1.0000000000 1.0000000000 1.0000000000 0
4.5816245934 5.9522263543 16.1799126447 0.0000000000 0.0000000000 0.0000000000 1.0000000000 1.0000000000 1.0000000000 1
4.0434864364 5.4332365067 7.5269321854 0.0000000000 0.0000000000 0.0000000000 1.0000000000 1.0000000000 1.0000000000 0
5.2249181414 3.6269857976 16.0941292646 0.0000000000 0.0000000000 0.0000000000 1.0000000000 1.0000000000 1.0000000000 1
5.5806378247 3.2655521447 6.2804100448 0.0000000000 0.0000000000 0.0000000000 1.0000000000 1.0000000000 1.0000000000 0
5.1776760526 5.1329399472 19.0997686724 0.0000000000 0.0000000000 0.0000000000 1.0000000000 1.0000000000 1.0000000000 0
5.6938493276 0.7200784201 10.1368112166 0.0000000000 0.0000000000 0.0000000000 1.0000000000 1.0000000000 1.0000000000 0
1.7819105467 2.5675234229 17.8974151208 0.0000000000 0.0000000000 0.0000000000 1.0000000000 1.0000000000 1.0000000000 0
4.3508107209 1.8857125129 9.3476967312 0.0000000000 0.0000000000 0.0000000000 1.0000000000 1.0000000000 1.0000000000 0
1.8990414382 1.8849606340 0.5459925573 0.0000000000 0.0000000000 0.0000000000 1.0000000000 1.0000000000 1.0000000000 1
5.5913627589 4.1709092637 19.2163667147 0.0000000000 0.0000000000 0.0000000000 1.0000000000 1.0000000000 1.0000000000 0
3.6132960257 1.5675342592 10.2472485402 0.0000000000 0.0000000000 0.0000000000 1.0000000000 1.0000000000 1.0000000000 0
4.5075348371 5.1288390565 5.6005395143 0.0000000000 0.0000000000 0.0000000000 1.0000000000 1.0000000000 1.0000000000 1
1.3128331311 5.5633373076 8.1085749927 0.0000000000 0.0000000000 0.0000000000 1.0000000000 1.0000000000 1.0000000000 0
4.5613209190 4.8814862570 9.6061096534 0.0000000000 0.0000000000 0.0000000000 1.0000000000 1.0000000000 1.0000000000 0
1.7700428260 1.2495200171 12.4298266130 0.0000000000 0.0000000000 0.0000000000 1.0000000000 1.0000000000 1.0000000000 0
3.7853085779 2.2774207542 7.1271233932 0.0000000000 0.0000000000 0.0000000000 1.0000000000 1.0000000000 1.0000000000 0
5.1016081726 4.1266264125 10.2867835536 0.0000000000 0.0000000000 0.0000000000 1.0000000000 1.0000000000 1.0000000000 0
3.2482554923 1.6925278256 8.9785090612 0.0000000000 0.0000000000 0.0000000000 1.0000000000 1.0000000000 1.0000000000 0
3.0492085593 4.6685030918 8.2876149295 0.0000000000 0.0000000000 0.0000000000 1.0000000000 1.0000000000 1.0000000000 0
2.9816899489 5.7337068041 14.6881610146 0.0000000000 0.0000000000 0.0000000000 1.0000000000 1.0000000000 1.0000000000 1
2.0630604313 0.6311026176 2.0151032794 0.0000000000 0.0000000000 0.0000000000 1.0000000000 1.0000000000 1.0000000000 1
4.0319217004 3.8622576470 9.7089535584 0.0000000000 0.0000000000 0.0000000000 1.0000000000 1.0000000000 1.0000000000 0
2.7586193239 1.5108585447 10.9411664149 0.0000000000 0.0000000000 0.0000000000 1.0000000000 1.0000000000 1.0000000000 0
1.5237107773 0.3245090340 5.5488520479 0.0000000000 0.0000000000 0.0000000000 1.0000000000 1.0000000000 1.0000000000 0
2.0131594343 0.0958610553 9.4161029169 0.0000000000 0.0000000000 0.0000000000 1.0000000000 1.0000000000 1.0000000000 0
4.6536339236 0.2077964266 13.1843915532 0.0000000000 0.0000000000 0.0000000000 1.0000000000 1.0000000000 1.0000000000 0
1.5206311400 0.2532872985 6.9225564694 0.0000000000 0.0000000000 0.0000000000 1.0000000000 1.0000000000 1.0000000000 0
5.9777052190 4.7368676912 15.9886438427 0.0000000000 0.0000000000 0.0000000000 1.0000000000 1.0000000000 1.0000000000 1
0.8125052836 0.4942625424 1.8603493060 0.0000000000 0.0000000000 0.0000000000 1.0000000000 1.0000000000 1.0000000000 1
0.9812939801 1.8797179853 19.5128218186 0.0000000000 0.0000000000 0.0000000000 1.0000000000 1.0000000000 1.0000000000 0
4.4966776503 1.3023883091 13.1513383466 0.0000000000 0.0000000000 0.0000000000 1.0000000000 1.0000000000 1.0000000000 0
3.7022272489 3.3976293883 11.4257090045 0.0000000000 0.0000000000 0.0000000000 1.0000000000 1.0000000000 1.0000000000 0
4.1664809250 2.9626278610 17.8357789059 0.0000000000 0.0000000000 0.0000000000 1.0000000000 1.0000000000 1.0000000000 0
2.3839967031 2.8449917989 8.1840638899 0.0000000000 0.0000000000 0.0000000000 1.0000000000 1.0000000000 1.0000000000 0
2.6019750822 3.8936780667 7.7822891230 0.0000000000 0.0000000000 0.0000000000 1.0000000000 1.0000000000 1.0000000000 0
5.0207647391 2.9852399614 9.6437590414 0.0000000000 0.0000000000 0.0000000000 1.0000000000 1.0000000000 1.0000000000 0
5.5857267206 3.1234244858 8.8723461326 0.0000000000 0.0000000000 0.0000000000 1.0000000000 1.0000000000 1.0000000000 0
4.5139136283 2.5915575872 4.8562521081 0.0000000000 0.0000000000 0.0000000000 1.0000000000 1.0000000000 1.0000000000 0
1.4172973849 2.8526122588 2.3533028055 0.0000000000 0.0000000000 0.0000000000 1.0000000000 1.0000000000 1.0000000000 0
4.2787675540 3.1217746631 9.0183076897 0.0000000000 0.0000000000 0.0000000000 1.0000000000 1.0000000000 1.0000000000 0
0.8847671335 2.5297323964 14.1104340349 0.0000000000 0.0000000000 0.0000000000 1.0000000000 1.0000000000 1.0000000000 0
1.1309644196 4.2965586854 4.9948768338 0.0000000000 0.0000000000 0.0000000000 1.0000000000 1.0000000000 1.0000000000 1
1.8648350168 0.6508643476 8.5969241362 0.0000000000 0.0000000000 0.0000000000 1.0000000000 1.0000000000 1.0000000000 0
3.9735777664 2.3215100389 8.2146767305 0.0000000000 0.0000000000 0.0000000000 1.0000000000 1.0000000000 1.0000000000 0
0.5460350081 5.8760666112 3.1436544103 0.0000000000 0.0000000000 0.0000000000 1.0000000000 1.0000000000 1.0000000000 0
5.1945941732 3.3633257013 4.5687127662 0.0000000000 0.0000000000 0.0000000000 1.0000000000 1.0000000000 1.0000000000 0
4.7861084294 0.4293380934 17.0440085359 0.0000000000 0.0000000000 0.0000000000 1.0000000000 1.0000000000 1.0000000000 1
2.5012439516 3.8301471313 16.0637023365 0.0000000000 0.0000000000 0.0000000000 1.0000000000 1.0000000000 1.0000000000 1
4.0271543926 3.3970931932 2.5890607125 0.0000000000 0.0000000000 0.0000000000 1.0000000000 1.0000000000 1.0000000000 1
5.1734335180 5.1940947728 12.8240126773 0.0000000000 0.0000000000 0.0000000000 1.0000000000 1.0000000000 1.0000000000 0
4.9171044238 0.9933708570 1.5481449900 0.0000000000 0.0000000000 0.0000000000 1.0000000000 1.0000000000 1.0000000000 1
1.4757793675 1.0845139934 19.8042772082 0.0000000000 0.0000000000 0.0000000000 1.0000000000 1.0000000000 1.0000000000 1
4.2452465439 2.2697588407 11.7055780389 0.0000000000 0.0000000000 0.0000000000 1.0000000000 1.0000000000 1.0000000000 0
0.8348586080 1.3576342528 14.4401233649 0.0000000000 0.0000000000 0.0000000000 1.0000000000 1.0000000000 1.0000000000 0
4.8400494773 5.3306147040 6.6364631628 0.0000000000 0.0000000000 0.0000000000 1.0000000000 1.0000000000 1.0000000000 0
2.0244875928 0.8960156087 16.8594937584 0.0000000000 0.0000000000 0.0000000000 1.0000000000 1.0000000000 1.0000000000 1
0.1191926440 4.7169331256 8.8949685377 0.0000000000 0.0000000000 0.0000000000 1.0000000000 1.0000000000 1.0000000000 0
5.2700153803 4.1115519931 12.4139444133 0.0000000000 0.0000000000 0.0000000000 1.0000000000 1.0000000000 1.0000000000 0
3.7252699940 3.3205424548 4.4110523982 0.0000000000 0.0000000000 0.0000000000 1.0000000000 1.0000000000 1.0000000000 0
0.3084766898 1.6884432655 5.4585892849 0.0000000000 0.0000000000 0.0000000000 1.0000000000 1.0000000000 1.0000000000 0
0.1237109354 3.4455046408 5.0418435937 0.0000000000 0.0000000000 0.0000000000 1.0000000000 1.0000000000 1.0000000000 1
5.5775097363 5.2712344686 5.5247623887 0.0000000000 0.0000000000 0.0000000000 1.0000000000 1.0000000000 1.0000000000 0
3.6188568725 2.8316120198 12.5796489193 0.0000000000 0.0000000000 0.0000000000 1.0000000000 1.0000000000 1.0000000000 0
5.0142482616 0.1249189651 9.6802402480 0.0000000000 0.0000000000 0.0000000000 1.0000000000 1.0000000000 1.0000000000 0
0.6351014280 5.7119720227 4.3227955199 0.0000000000 0.0000000000 0.0000000000 1.0000000000 1.0000000000 1.0000000000 0
5.4594747741 5.6828332366 17.9599130661 0.0000000000 0.0000000000 0.0000000000 1.0000000000 1.0000000000 1.0000000000 1
1.5588633256 0.1117844635 12.8836207631 0.0000000000 0.0000000000 0.0000000000 1.0000000000 1.0000000000 1.0000000000 0
1.8905640008 1.7025441628 11.3954968189 0.0000000000 0.0000000000 0.0000000000 1.0000000000 1.0000000000 1.0000000000 0
3.8191091938 3.6805240372 17.1732539910 0.0000000000 0.0000000000 0.0000000000 1.0000000000 1.0000000000 1.0000000000 1
4.2765453138 3.6184410384 18.8226100972 0.0000000000 0.0000000000 0.0000000000 1.0000000000 1.0000000000 1.0000000000 0
5.8160317999 3.4763531697 12.8866966903 0.0000000000 0.0000000000 0.0000000000 1.0000000000 1.0000000000 1.0000000000 0
3.2533239918 2.3603066015 4.5722434688 0.0000000000 0.0000000000 0.0000000000 1.0000000000 1.0000000000 1.0000000000 0
4.4089562273 3.6257460919 5.4016329618 0.0000000000 0.0000000000 0.0000000000 1.0000000000 1.0000000000 1.0000000000 0
3.1865177510 4.9304652176 19.7277581106 0.0000000000 0.0000000000 0.0000000000 1.0000000000 1.0000000000 1.0000000000 0
5.5145401857 2.3992355030 17.8088168436 0.0000000000 0.0000000000 0.0000000000 1.0000000000 1.0000000000 1.0000000000 0
3.5509363765 5.9789782939 19.7868771737 0.0000000000 0.0000000000 0.0000000000 1.0000000000 1.0000000000 1.0000000000 1
4.0656815775 1.9515081757 19.9680102704 0.0000000000 0.0000000000 0.0000000000 1.0000000000 1.0000000000 1.0000000000 0
5.6044191805 1.8570129735 12.8411249573 0.0000000000 0.0000000000 0.0000000000 1.0000000000 1.0000000000 1.0000000000 0
1.6162618333 4.7169436889 13.8096797295 0.0000000000 0.0000000000 0.0000000000 1.0000000000 1.0000000000 1.0000000000 0
5.2488388227 3.5570867242 13.9506360843 0.0000000000 0.0000000000 0.0000000000 1.0000000000 1.0000000000 1.0000000000 0
1.5298442284 1.0904182659 1.1558206181 0.0000000000 0.0000000000 0.0000000000 1.0000000000 1.0000000000 1.0000000000 1
4.9660059398 2.5273878295 15.5578142253 0.0000000000 0.0000000000 0.0000000000 1.0000000000 1.0000000000 1.0000000000 1
0.2444306177 3.5414116507 1.4887430036 0.0000000000 0.0000000000 0.0000000000 1.0000000000 1.0000000000 1.0000000000 1
5.0372931113 0.4453829125 15.4530050919 0.0000000000 0.0000000000 0.0000000000 1.0000000000 1.0000000000 1.0000000000 1
1.8999422681 4.9559976636 5.2378571066 0.0000000000 0.0000000000 0.0000000000 1.0000000000 1.0000000000 1.0000000000 0
4.3763525535 3.0446774055 0.5711302968 0.0000000000 0.0000000000 0.0000000000 1.0000000000 1.0000000000 1.0000000000 1
4.8644593548 1.4126679743 12.0209563675 0.0000000000 0.0000000000 0.0000000000 1.0000000000 1.0000000000 1.0000000000 0
4.5787799437 2.9506088261 16.4209816622 0.0000000000 0.0000000000 0.0000000000 1.0000000000 1.0000000000 1.0000000000 1
2.3554709780 0.8583766058 13.3282708895 0.0000000000 0.0000000000 0.0000000000 1.0000000000 1.0000000000 1.0000000000 0
0.1633506758 4.5564584019 12.5409829452 0.0000000000 0.0000000000 0.0000000000 1.0000000000 1.0000000000 1.0000000000 0
4.0633099562 0.9372945432 16.2595475365 0.0000000000 0.0000000000 0.0000000000 1.0000000000 1.0000000000 1.0000000000 1
4.6929970626 1.1549021277 6.4614486523 0.0000000000 0.0000000000 0.0000000000 1.0000000000 1.0000000000 1.0000000000 0
5.9498549428 5.9760547147 15.2225945269 0.0000000000 0.0000000000 0.0000000000 1.0000000000 1.0000000000 1.0000000000 1
0.2912177444 3.6869626350 16.4697359444 0.0000000000 0.0000000000 0.0000000000 1.0000000000 1.0000000000 1.0000000000 1
4.8492465802 0.0888342586 4.9952711419 0.0000000000 0.0000000000 0.0000000000 1.0000000000 1.0000000000 1.0000000000 1
5.6461817251 2.5627146807 13.5319177916 0.0000000000 0.0000000000 0.0000000000 1.0000000000 1.0000000000 1.0000000000 0
5.0978397663 2.4748716764 8.3423293898 0.0000000000 0.0000000000 0.0000000000 1.0000000000 1.0000000000 1.0000000000 0
1.0933226808 1.8588504876 2.6426992008 0.0000000000 0.0000000000 0.0000000000 1.0000000000 1.0000000000 1.0000000000 1
5.5533510848 5.7605040984 16.1305831065 0.0000000000 0.0000000000 0.0000000000 1.0000000000 1.0000000000 1.0000000000 1
2.8448552896 2.9804580275 12.0032678371 0.0000000000 0.0000000000 0.0000000000 1.0000000000 1.0000000000 1.0000000000 0
0.4400414614 0.6429942936 5.1919088012 0.0000000000 0.0000000000 0.0000000000 1.0000000000 1.0000000000 1.0000000000 0
5.2180327339 5.0598173201 8.7234164089 0.0000000000 0.0000000000 0.0000000000 1.0000000000 1.0000000000 1.0000000000 0
0.2369543160 5.0891911971 14.5402645498 0.0000000000 0.0000000000 0.0000000000 1.0000000000 1.0000000000 1.0000000000 1
0.9241317881 0.4896939488 0.5627270747 0.0000000000 0.0000000000 0.0000000000 1.0000000000 1.0000000000 1.0000000000 1
4.8359842390 4.2764790935 0.0214666104 0.0000000000 0.0000000000 0.0000000000 1.0000000000 1.0000000000 1.0000000000 0
5.5436070291 5.1430368377 9.6627882865 0.0000000000 0.0000000000 0.0000000000 1.0000000000 1.0000000000 1.0000000000 0
3.4690004319 1.5973095311 14.4729814557 0.0000000000 0.0000000000 0.0000000000 1.0000000000 1.0000000000 1.0000000000 1
0.9435516710 4.8574377363 16.3965583310 0.0000000000 0.0000000000 0.0000000000 1.0000000000 1.0000000000 1.0000000000 1
5.3306145499 0.8915970425 2.3725828427 0.0000000000 0.0000000000 0.0000000000 1.0000000000 1.0000000000 1.0000000000 1
2.0233665194 5.0022321917 14.6753210762 0.0000000000 0.0000000000 0.0000000000 1.0000000000 1.0000000000 1.0000000000 1
3.0974930918 1.7448747675 16.3839115124 0.0000000000 0.0000000000 0.0000000000 1.0000000000 1.0000000000 1.0000000000 1
2.9349693305 4.0144303576 9.6953432972 0.0000000000 0.0000000000 0.0000000000 1.0000000000 1.0000000000 1.0000000000 0
0.5261590754 2.7430830344 6.7297125780 0.0000000000 0.0000000000 0.0000000000 1.0000000000 1.0000000000 1.0000000000 0
1.8567183771 1.1131601874 6.5260081336 0.0000000000 0.0000000000 0.0000000000 1.0000000000 1.0000000000 1.0000000000 0
2.7616710234 5.6657963772 3.8113819919 0.0000000000 0.0000000000 0.0000000000 1.0000000000 1.0000000000 1.0000000000 0
5.3646222461 4.3756482143 3.9038705600 0.0000000000 0.0000000000 0.0000000000 1.0000000000 1.0000000000 1.0000000000 0
0.4805819242 0.2457828193 14.3770242639 0.0000000000 0.0000000000 0.0000000000 1.0000000000 1.0000000000 1.0000000000 1
2.0334268859 4.2690916268 19.4818239197 0.0000000000 0.0000000000 0.0000000000 1.0000000000 1.0000000000 1.0000000000 0
3.7629833128 2.5396555830 15.6676691305 0.0000000000 0.0000000000 0.0000000000 1.0000000000 1.0000000000 1.0000000000 1
0.4174769431 4.9230915254 3.7013343125 0.0000000000 0.0000000000 0.0000000000 1.0000000000 1.0000000000 1.0000000000 0
1.0601170973 3.6392380597 19.0384377099 0.0000000000 0.0000000000 0.0000000000 1.0000000000 1.0000000000 1.0000000000 0
3.6716932979 0.2755809480 11.2436825035 0.0000000000 0.0000000000 0.0000000000 1.0000000000 1.0000000000 1.0000000000 0
4.6624026313 1.9391883623 10.3204239831 0.0000000000 0.0000000000 0.0000000000 1.0000000000 1.0000000000 1.0000000000 0
0.7180883576 1.6116248949 6.4008179429 0.0000000000 0.0000000000 0.0000000000 1.0000000000 1.0000000000 1.0000000000 0
2.5892220746 2.8507740103 3.9990289338 0.0000000000 0.0000000000 0.0000000000 1.0000000000 1.0000000000 1.0000000000 0
2.7609721491 0.7323547177 3.0885136272 0.0000000000 0.0000000000 0.0000000000 1.0000000000 1.0000000000 1.0000000000 0
5.1853492155 2.1697993727 0.6845058789 0.0000000000 0.0000000000 0.0000000000 1.0000000000 1.0000000000 1.0000000000 0
1.8788332219 0.6313951585 14.7498835728 0.0000000000 0.0000000000 0.0000000000 1.0000000000 1.0000000000 1.0000000000 1
1.8240425676 0.8809419986 10.5795427514 0.0000000000 0.0000000000 0.0000000000 1.0000000000 1.0000000000 1.0000000000 0
3.7532874955 5.4591220883 3.5700497606 0.0000000000 0.0000000000 0.0000000000 1.0000000000 1.0000000000 1.0000000000 0
2.4165783273 5.9038488646 6.1584759106 0.0000000000 0.0000000000 0.0000000000 1.0000000000 1.0000000000 1.0000000000 0
1.6173275793 5.6142112706 4.1632796260 0.0000000000 0.0000000000 0.0000000000 1.0000000000 1.0000000000 1.0000000000 0
2.3531832185 0.8635666799 4.1047609542 0.0000000000 0.0000000000 0.0000000000 1.0000000000 1.0000000000 1.0000000000 0
2.4990669244 4.3259216531 15.1467727245 0.0000000000 0.0000000000 0.0000000000 1.0000000000 1.0000000000 1.0000000000 1
1.3694380769 5.8015237677 2.4378598831 0.0000000000 0.0000000000 0.0000000000 1.0000000000 1.0000000000 1.0000000000 1
4.3956982569 4.0981379324 16.2909760420 0.0000000000 0.0000000000 0.0000000000 1.0000000000 1.0000000000 1.0000000000 1
1.4178027473 4.2614579939 7.0310425028 0.0000000000 0.0000000000 0.0000000000 1.0000000000 1.0000000000 1.0000000000 0
5.7184425864 4.5858035938 13.4653186882 0.0000000000 0.0000000000 0.0000000000 1.0000000000 1.0000000000 1.0000000000 0
1.2415538831 2.1831410290 4.5780413884 0.0000000000 0.0000000000 0.0000000000 1.0000000000 1.0000000000 1.0000000000 1
5.0061234220 4.0827977133 17.0992552946 0.0000000000 0.0000000000 0.0000000000 1.0000000000 1.0000000000 1.0000000000 1
2.3368007734 5.9104194283 2.6613849490 0.0000000000 0.0000000000 0.0000000000 1.0000000000 1.0000000000 1.0000000000 0
1.9448772784 0.1997471599 0.1864500437 0.0000000000 0.0000000000 0.0000000000 1.0000000000 1.0000000000 1.0000000000 0
4.3138626992 4.2235227440 1.7264452467 0.0000000000 0.0000000000 0.0000000000 1.0000000000 1.0000000000 1.0000000000 1
3.7104844187 4.5064778089 3.0747827429 0.0000000000 0.0000000000 0.0000000000 1.0000000000 1.0000000000 1.0000000000 0
0.8423872360 4.8445411249 2.4034290722 0.0000000000 0.0000000000 0.0000000000 1.0000000000 1.0000000000 1.0000000000 0
0.4071662999 3.3777757485 13.8025554563 0.0000000000 0.0000000000 0.0000000000 1.0000000000 1.0000000000 1.0000000000 0
3.9225078140 5.3803560410 8.6163183981 0.0000000000 0.0000000000 0.0000000000 1.0000000000 1.0000000000 1.0000000000 0
2.7397447945 1.8053726709 1.1940218626 0.0000000000 0.0000000000 0.0000000000 1.0000000000 1.0000000000 1.0000000000 1
5.5041579156 5.4621245542 13.7436467110 0.0000000000 0.0000000000 0.0000000000 1.0000000000 1.0000000000 1.0000000000 1
3.4895359812 5.9542670729 18.8168446119 0.0000000000 0.0000000000 0.0000000000 1.0000000000 1.0000000000 1.0000000000 0
3.3582164835 3.3377407114 5.3088273395 0.0000000000 0.0000000000 0.0000000000 1.0000000000 1.0000000000 1.0000000000 0
0.6136097434 0.8194746130 7.1746938869 0.0000000000 0.0000000000 0.0000000000 1.0000000000 1.0000000000 1.0000000000 0
4.6573231157 0.2803893921 3.3554510771 0.0000000000 0.0000000000 0.0000000000 1.0000000000 1.0000000000 1.0000000000 0
4.9742683790 1.8358000880 13.8304823381 0.0000000000 0.0000000000 0.0000000000 1.0000000000 1.0000000000 1.0000000000 0
3.6914138477 4.0433895984 13.1359123288 0.0000000000 0.0000000000 0.0000000000 1.0000000000 1.0000000000 1.0000000000 0
3.5871688337 0.6549626519 3.7220961392 0.0000000000 0.0000000000 0.0000000000 1.0000000000 1.0000000000 1.0000000000 0
5.8520239152 4.7104564307 2.8494380149 0.0000000000 0.0000000000 0.0000000000 1.0000000000 1.0000000000 1.0000000000 0
3.6587982568 5.1804711771 10.5689116207 0.0000000000 0.0000000000 0.0000000000 1.0000000000 1.0000000000 1.0000000000 0
0.4092138441 5.2884950500 17.6697962415 0.0000000000 0.0000000000 0.0000000000 1.0000000000 1.0000000000 1.0000000000 1
0.0819808753 0.0179378832 7.1368085904 0.0000000000 0.0000000000 0.0000000000 1.0000000000 1.0000000000 1.0000000000 0
0.7751422013 4.7316315306 15.3236253798 0.0000000000 0.0000000000 0.0000000000 1.0000000000 1.0000000000 1.0000000000 1
4.4501032733 4.3529231174 6.4965632969 0.0000000000 0.0000000000 0.0000000000 1.0000000000 1.0000000000 1.0000000000 1
5.2762869976 0.9045230226 5.4053470241 0.0000000000 0.0000000000 0.0000000000 1.0000000000 1.0000000000 1.0000000000 0
0.0341804416 1.5845536198 10.7228358534 0.0000000000 0.0000000000 0.0000000000 1.0000000000 1.0000000000 1.0000000000 0
0.7667812725 2.5821777384 8.5671849556 0.0000000000 0.0000000000 0.0000000000 1.0000000000 1.0000000000 1.0000000000 0
2.6920884416 3.6018730535 10.7562028259 0.0000000000 0.0000000000 0.0000000000 1.0000000000 1.0000000000 1.0000000000 0
4.4250553926 3.3415970535 3.5808310928 0.0000000000 0.0000000000 0.0000000000 1.0000000000 1.0000000000 1.0000000000 0
5.6527735571 0.4545066334 4.4059130698 0.0000000000 0.0000000000 0.0000000000 1.0000000000 1.0000000000 1.0000000000 0
5.9552837329 4.1453720861 0.1702675963 0.0000000000 0.0000000000 0.0000000000 1.0000000000 1.0000000000 1.0000000000 0
0.4483115674 2.8017745783 17.8316661835 0.0000000000 0.0000000000 0.0000000000 1.0000000000 1.0000000000 1.0000000000 1
5.4377376559 4.6240902816 17.8133860611 0.0000000000 0.0000000000 0.0000000000 1.0000000000 1.0000000000 1.0000000000 0
4.7208558304 1.7661137606 7.6226638066 0.0000000000 0.0000000000 0.0000000000 1.0000000000 1.0000000000 1.0000000000 0
4.1953147472 4.7104071053 19.0198230208 0.0000000000 0.0000000000 0.0000000000 1.0000000000 1.0000000000 1.0000000000 0
3.1679426060 0.9464734224 4.6129266180 0.0000000000 0.0000000000 0.0000000000 1.0000000000 1.0000000000 1.0000000000 0
3.9997740841 5.2236537029 2.1144986300 0.0000000000 0.0000000000 0.0000000000 1.0000000000 1.0000000000 1.0000000000 0
3.3999339185 2.6357256132 14.1981805247 0.0000000000 0.0000000000 0.0000000000 1.0000000000 1.0000000000 1.0000000000 0
4.1025283102 2.7572786082 5.8939598660 0.0000000000 0.0000000000 0.0000000000 1.0000000000 1.0000000000 1.0000000000 0
1.4581677549 1.4326612929 5.4592398176 0.0000000000 0.0000000000 0.0000000000 1.0000000000 1.0000000000 1.0000000000 0
3.7974815965 0.2544383917 2.5902027532 0.0000000000 0.0000000000 0.0000000000 1.0000000000 1.0000000000 1.0000000000 0
0.3625409243 3.9911787481 4.2038168017 0.0000000000 0.0000000000 0.0000000000 1.0000000000 1.0000000000 1.0000000000 0
0.8545592542 2.2720726835 11.6452366121 0.0000000000 0.0000000000 0.0000000000 1.0000000000 1.0000000000 1.0000000000 0
5.9368657645 3.6010616216 2.6476771144 0.0000000000 0.0000000000 0.0000000000 1.0000000000 1.0000000000 1.0000000000 1
4.1018666943 5.1944892738 14.3897927371 0.0000000000 0.0000000000 0.0000000000 1.0000000000 1.0000000000 1.0000000000 1
1.8630532285 2.5400865168 12.0786393237 0.0000000000 0.0000000000 0.0000000000 1.0000000000 1.0000000000 1.0000000000 0
2.6934472118 2.1124899590 15.1306057416 0.0000000000 0.0000000000 0.0000000000 1.0000000000 1.0000000000 1.0000000000 1
0.3053449674 0.2403557530 6.0992679535 0.0000000000 0.0000000000 0.0000000000 1.0000000000 1.0000000000 1.0000000000 0
2.4379767194 2.6473874947 13.3040651800 0.0000000000 0.0000000000 0.0000000000 1.0000000000 1.0000000000 1.0000000000 0
3.6040342028 1.5444017204 11.3974880896 0.0000000000 0.0000000000 0.0000000000 1.0000000000 1.0000000000 1.0000000000 0
4.4955859175 1.9027454274 17.9680092772 0.0000000000 0.0000000000 0.0000000000 1.0000000000 1.0000000000 1.0000000000 1
5.0904222097 2.4774790047 3.9260516800 0.0000000000 0.0000000000 0.0000000000 1.0000000000 1.0000000000 1.0000000000 0
0.5906007890 4.4138731698 8.0211240460 0.0000000000 0.0000000000 0.0000000000 1.0000000000 1.0000000000 1.0000000000 0
0.8326447806 4.0071166796 13.2384386113 0.0000000000 0.0000000000 0.0000000000 1.0000000000 1.0000000000 1.0000000000 0
2.8515739481 2.0410792305 12.3511618296 0.0000000000 0.0000000000 0.0000000000 1.0000000000 1.0000000000 1.0000000000 0
3.4168090257 2.0338223837 13.3489283342 0.0000000000 0.0000000000 0.0000000000 1.0000000000 1.0000000000 1.0000000000 0
5.5374378615 2.1200627005 14.7852811932 0.0000000000 0.0000000000 0.0000000000 1.0000000000 1.0000000000 1.0000000000 1
2.1903250881 2.5658497898 10.9441893205 0.0000000000 0.0000000000 0.0000000000 1.0000000000 1.0000000000 1.0000000000 0
3.8875937694 4.2232547575 7.6691930741 0.0000000000 0.0000000000 0.0000000000 1.0000000000 1.0000000000 1.0000000000 0
1.8202577699 3.0061862359 19.7105254334 0.0000000000 0.0000000000 0.0000000000 1.0000000000 1.0000000000 1.0000000000 0
1.5981389914 3.4558670789 8.3900505905 0.0000000000 0.0000000000 0.0000000000 1.0000000000 1.0000000000 1.0000000000 0
1.3284690689 5.6295612644 14.0861921451 0.0000000000 0.0000000000 0.0000000000 1.0000000000 1.0000000000 1.0000000000 0
3.1529799309 3.3610694264 15.1812162086 0.0000000000 0.0000000000 0.0000000000 1.0000000000 1.0000000000 1.0000000000 1
0.3008840774 2.0836986899 18.6303578619 0.0000000000 0.0000000000 0.0000000000 1.0000000000 1.0000000000 1.0000000000 1
3.7171479280 1.0846570524 6.9717188616 0.0000000000 0.0000000000 0.0000000000 1.0000000000 1.0000000000 1.0000000000 0
4.0224903653 0.8935174384 0.9430692665 0.0000000000 0.0000000000 0.0000000000 1.0000000000 1.0000000000 1.0000000000 1
2.9794362685 0.2061280201 17.9937621331 0.0000000000 0.0000000000 0.0000000000 1.0000000000 1.0000000000 1.0000000000 1
4.4469249906 0.0661404459 1.4994980950 0.0000000000 0.0000000000 0.0000000000 1.0000000000 1.0000000000 1.0000000000 1
5.7590940816 1.8171512275 4.4464247036 0.0000000000 0.0000000000 0.0000000000 1.0000000000 1.0000000000 1.0000000000 0
1.5201514604 0.2116596338 11.3243846853 0.0000000000 0.0000000000 0.0000000000 1.0000000000 1.0000000000 1.0000000000 0
1.3845599041 2.0946323586 16.7717324985 0.0000000000 0.0000000000 0.0000000000 1.0000000000 1.0000000000 1.0000000000 1
0.9356127859 2.4365904552 0.6438195135 0.0000000000 0.0000000000 0.0000000000 1.0000000000 1.0000000000 1.0000000000 1
5.5417873880 3.4009824960 3.6263135537 0.0000000000 0.0000000000 0.0000000000 1.0000000000 1.0000000000 1.0000000000 0
4.4476184349 0.3025075939 8.5165944142 0.0000000000 0.0000000000 0.0000000000 1.0000000000 1.0000000000 1.0000000000 0
3.9517603572 1.4813579965 15.4239526763 0.0000000000 0.0000000000 0.0000000000 1.0000000000 1.0000000000 1.0000000000 1
3.1682347566 0.6784918316 12.0704911684 0.0000000000 0.0000000000 0.0000000000 1.0000000000 1.0000000000 1.0000000000 0
1.3028236216 4.6272629414 10.6465582225 0.0000000000 0.0000000000 0.0000000000 1.0000000000 1.0000000000 1.0000000000 0
1.9569099318 3.1892410869 10.0908618002 0.0000000000 0.0000000000 0.0000000000 1.0000000000 1.0000000000 1.0000000000 0
4.8162657426 5.4313521557 10.4422837341 0.0000000000 0.0000000000 0.0000000000 1.0000000000 1.0000000000 1.0000000000 0
1.9701880360 4.8440797321 1.5238101572 0.0000000000 0.0000000000 0.0000000000 1.0000000000 1.0000000000 1.0000000000 0
4.6118914796 5.1708558783 18.1942561783 0.0000000000 0.0000000000 0.0000000000 1.0000000000 1.0000000000 1.0000000000 1
3.4381361140 5.2520012157 11.8662304036 0.0000000000 0.0000000000 0.0000000000 1.0000000000 1.0000000000 1.0000000000 0
2.9016418007 3.9642768231 17.6227294891 0.0000000000 0.0000000000 0.0000000000 1.0000000000 1.0000000000 1.0000000000 1
3.1550083382 4.7405731838 7.1749370029 0.0000000000 0.0000000000 0.0000000000 1.0000000000 1.0000000000 1.0000000000 0
1.8765601468 3.4983988794 3.3204393026 0.0000000000 0.0000000000 0.0000000000 1.0000000000 1.0000000000 1.0000000000 0
2.5448929504 1.8805060085 14.0371721075 0.0000000000 0.0000000000 0.0000000000 1.0000000000 1.0000000000 1.0000000000 0
0.6996605653 0.0545147035 12.2153525156 0.0000000000 0.0000000000 0.0000000000 1.0000000000 1.0000000000 1.0000000000 0
5.6937366894 0.6807794942 11.3337700086 0.0000000000 0.0000000000 0.0000000000 1.0000000000 1.0000000000 1.0000000000 0
5.9453588961 1.6919648198 11.7603960539 0.0000000000 0.0000000000 0.0000000000 1.0000000000 1.0000000000 1.0000000000 0
1.2745480707 5.2460733561 11.9709989119 0.0000000000 0.0000000000 0.0000000000 1.0000000000 1.0000000000 1.0000000000 0
0.0453250313 3.9856601530 11.5865118981 0.0000000000 0.0000000000 0.0000000000 1.0000000000 1.0000000000 1.0000000000 0
