5.9510669867 10.3043225492 1.8929780160 0.0000000000 0.0000000000 0.0000000000 1.0000000000 1.0000000000 1.0000000000 0
6.1088501082 8.6029986839 4.6465854723 0.0000000000 0.0000000000 0.0000000000 1.0000000000 1.0000000000 1.0000000000 0
10.9619787183 4.1980308380 3.2750959510 0.0000000000 0.0000000000 0.0000000000 1.0000000000 1.0000000000 1.0000000000 0
7.2126693278 14.9780660808 2.5945704174 0.0000000000 0.0000000000 0.0000000000 1.0000000000 1.0000000000 1.0000000000 0
9.8420979475 13.5433169925 5.9560820210 0.0000000000 0.0000000000 0.0000000000 1.0000000000 1.0000000000 1.0000000000 0
13.4103728927 15.7947861867 2.6072514901 0.0000000000 0.0000000000 0.0000000000 1.0000000000 1.0000000000 1.0000000000 0
7.7307204457 16.5584409646 5.6075133140 0.0000000000 0.0000000000 0.0000000000 1.0000000000 1.0000000000 1.0000000000 0
10.2983066594 4.6367071563 2.6928003939 0.0000000000 0.0000000000 0.0000000000 1.0000000000 1.0000000000 1.0000000000 0
17.8244323407 8.8650175033 2.4119689434 0.0000000000 0.0000000000 0.0000000000 1.0000000000 1.0000000000 1.0000000000 0
14.6655296363 15.8783056836 3.0675928080 0.0000000000 0.0000000000 0.0000000000 1.0000000000 1.0000000000 1.0000000000 0
5.6117881027 15.8067969626 3.5386004558 0.0000000000 0.0000000000 0.0000000000 1.0000000000 1.0000000000 1.0000000000 0
4.5603722953 13.7639314920 3.9241378221 0.0000000000 0.0000000000 0.0000000000 1.0000000000 1.0000000000 1.0000000000 0
16.7268186812 14.5744114040 3.0434921095 0.0000000000 0.0000000000 0.0000000000 1.0000000000 1.0000000000 1.0000000000 0
4.6350318579 6.0317165623 3.4547073838 0.0000000000 0.0000000000 0.0000000000 1.0000000000 1.0000000000 1.0000000000 0
7.4812086955 12.7942078561 10.9879818211 0.0000000000 0.0000000000 0.0000000000 1.0000000000 1.0000000000 1.0000000000 1
9.4536196169 5.9475643276 13.6476069478 0.0000000000 0.0000000000 0.0000000000 1.0000000000 1.0000000000 1.0000000000 0
13.6272770015 2.0253266593 4.3825459172 0.0000000000 0.0000000000 0.0000000000 1.0000000000 1.0000000000 1.0000000000 0
16.2685871990 1.1052799288 2.3316983686 0.0000000000 0.0000000000 0.0000000000 1.0000000000 1.0000000000 1.0000000000 0
18.0968897872 5.5190858265 3.5558216637 0.0000000000 0.0000000000 0.0000000000 1.0000000000 1.0000000000 1.0000000000 0
17.0797161080 5.6852254609 11.6000673406 0.0000000000 0.0000000000 0.0000000000 1.0000000000 1.0000000000 1.0000000000 1
13.2750366724 15.5325560314 8.8976451274 0.0000000000 0.0000000000 0.0000000000 1.0000000000 1.0000000000 1.0000000000 1
11.9768266911 15.5740928667 3.4071009708 0.0000000000 0.0000000000 0.0000000000 1.0000000000 1.0000000000 1.0000000000 0
4.1198851746 7.6783980609 5.6238663987 0.0000000000 0.0000000000 0.0000000000 1.0000000000 1.0000000000 1.0000000000 1
7.3944004342 15.9487134460 2.9594652318 0.0000000000 0.0000000000 0.0000000000 1.0000000000 1.0000000000 1.0000000000 0
8.9776685459 6.5349413795 2.2518901271 0.0000000000 0.0000000000 0.0000000000 1.0000000000 1.0000000000 1.0000000000 0
16.0951505245 9.0056205866 2.6019965430 0.0000000000 0.0000000000 0.0000000000 1.0000000000 1.0000000000 1.0000000000 0
17.4761557254 5.8284449474 7.2064104525 0.0000000000 0.0000000000 0.0000000000 1.0000000000 1.0000000000 1.0000000000 1
4.5439497643 3.3848290168 5.3533137766 0.0000000000 0.0000000000 0.0000000000 1.0000000000 1.0000000000 1.0000000000 0
7.9155281495 8.4621065641 5.5127621394 0.0000000000 0.0000000000 0.0000000000 1.0000000000 1.0000000000 1.0000000000 1
8.6622537651 4.5488996244 3.7710754792 0.0000000000 0.0000000000 0.0000000000 1.0000000000 1.0000000000 1.0000000000 0
3.3769636276 16.1996195530 3.2872580526 0.0000000000 0.0000000000 0.0000000000 1.0000000000 1.0000000000 1.0000000000 0
10.0620885920 1.8047495308 5.0225646839 0.0000000000 0.0000000000 0.0000000000 1.0000000000 1.0000000000 1.0000000000 0
3.6331002507 11.6725599260 4.3071787661 0.0000000000 0.0000000000 0.0000000000 1.0000000000 1.0000000000 1.0000000000 0
0.4336204623 1.3875835842 2.6464631684 0.0000000000 0.0000000000 0.0000000000 1.0000000000 1.0000000000 1.0000000000 0
12.3605922969 4.4785518309 4.9713602644 0.0000000000 0.0000000000 0.0000000000 1.0000000000 1.0000000000 1.0000000000 0
1.5018536399 15.2935498798 2.8137778993 0.0000000000 0.0000000000 0.0000000000 1.0000000000 1.0000000000 1.0000000000 0
4.6161154247 7.0611292722 2.9672581832 0.0000000000 0.0000000000 0.0000000000 1.0000000000 1.0000000000 1.0000000000 0
14.9644698319 1.7142258381 4.2088611201 0.0000000000 0.0000000000 0.0000000000 1.0000000000 1.0000000000 1.0000000000 0
17.0021630607 7.9672250912 4.7206100524 0.0000000000 0.0000000000 0.0000000000 1.0000000000 1.0000000000 1.0000000000 0
10.2742216637 9.4345996145 3.5180976115 0.0000000000 0.0000000000 0.0000000000 1.0000000000 1.0000000000 1.0000000000 0
0.5194160737 12.7996075076 3.7484173241 0.0000000000 0.0000000000 0.0000000000 1.0000000000 1.0000000000 1.0000000000 1
2.0076345556 4.3041386593 5.2324419485 0.0000000000 0.0000000000 0.0000000000 1.0000000000 1.0000000000 1.0000000000 0
0.3101365652 6.8416324278 2.3422128523 0.0000000000 0.0000000000 0.0000000000 1.0000000000 1.0000000000 1.0000000000 0
9.6260743536 3.6246412706 15.7771989583 0.0000000000 0.0000000000 0.0000000000 1.0000000000 1.0000000000 1.0000000000 0
3.2812110723 13.0654594081 4.8352143265 0.0000000000 0.0000000000 0.0000000000 1.0000000000 1.0000000000 1.0000000000 0
14.8755996357 2.0049174724 2.5150618538 0.0000000000 0.0000000000 0.0000000000 1.0000000000 1.0000000000 1.0000000000 0
10.2744133239 3.6488130569 11.5942048307 0.0000000000 0.0000000000 0.0000000000 1.0000000000 1.0000000000 1.0000000000 1
7.9897462297 13.4978161392 5.8115151235 0.0000000000 0.0000000000 0.0000000000 1.0000000000 1.0000000000 1.0000000000 0
8.1087412199 2.2863791436 3.1951776256 0.0000000000 0.0000000000 0.0000000000 1.0000000000 1.0000000000 1.0000000000 0
14.3739732901 14.1506851955 7.6677351301 0.0000000000 0.0000000000 0.0000000000 1.0000000000 1.0000000000 1.0000000000 1
8.8473124630 6.2779068880 3.4709314831 0.0000000000 0.0000000000 0.0000000000 1.0000000000 1.0000000000 1.0000000000 0
3.5329163393 5.7393301834 2.8954704236 0.0000000000 0.0000000000 0.0000000000 1.0000000000 1.0000000000 1.0000000000 0
2.4520303012 5.3863580737 12.1952995386 0.0000000000 0.0000000000 0.0000000000 1.0000000000 1.0000000000 1.0000000000 0
9.3966026629 6.1829687710 12.5051853650 0.0000000000 0.0000000000 0.0000000000 1.0000000000 1.0000000000 1.0000000000 0
0.7403998322 8.3397725355 5.5094049493 0.0000000000 0.0000000000 0.0000000000 1.0000000000 1.0000000000 1.0000000000 1
6.1726134172 10.6544167029 6.1024170934 0.0000000000 0.0000000000 0.0000000000 1.0000000000 1.0000000000 1.0000000000 0
17.8088453583 14.0386712733 1.8761594926 0.0000000000 0.0000000000 0.0000000000 1.0000000000 1.0000000000 1.0000000000 0
1.5907870726 11.9603181775 2.5091535237 0.0000000000 0.0000000000 0.0000000000 1.0000000000 1.0000000000 1.0000000000 0
1.5628554932 14.5120738554 4.4563054407 0.0000000000 0.0000000000 0.0000000000 1.0000000000 1.0000000000 1.0000000000 0
13.2242232812 3.8227363340 4.4755203821 0.0000000000 0.0000000000 0.0000000000 1.0000000000 1.0000000000 1.0000000000 0
2.3506486302 15.0399783172 2.3577867314 0.0000000000 0.0000000000 0.0000000000 1.0000000000 1.0000000000 1.0000000000 0
11.3139585845 17.8419981011 4.6921662938 0.0000000000 0.0000000000 0.0000000000 1.0000000000 1.0000000000 1.0000000000 0
11.0288092259 6.9736601428 4.7508586016 0.0000000000 0.0000000000 0.0000000000 1.0000000000 1.0000000000 1.0000000000 0
8.7832481193 5.3319984714 4.6160929602 0.0000000000 0.0000000000 0.0000000000 1.0000000000 1.0000000000 1.0000000000 0
16.1490249164 12.6716156076 8.6068653456 0.0000000000 0.0000000000 0.0000000000 1.0000000000 1.0000000000 1.0000000000 1
10.3089588953 5.6023534580 7.6418393545 0.0000000000 0.0000000000 0.0000000000 1.0000000000 1.0000000000 1.0000000000 0
13.5777317517 10.3588072234 2.7996933965 0.0000000000 0.0000000000 0.0000000000 1.0000000000 1.0000000000 1.0000000000 0
9.1462521643 14.2712776438 3.7968299222 0.0000000000 0.0000000000 0.0000000000 1.0000000000 1.0000000000 1.0000000000 0
5.0828200404 1.3961368400 8.2084376672 0.0000000000 0.0000000000 0.0000000000 1.0000000000 1.0000000000 1.0000000000 1
1.4618282136 0.8595065583 1.8096392494 0.0000000000 0.0000000000 0.0000000000 1.0000000000 1.0000000000 1.0000000000 0
13.2738563501 3.7896524966 8.3878153185 0.0000000000 0.0000000000 0.0000000000 1.0000000000 1.0000000000 1.0000000000 1
1.1580747715 18.3864807544 3.3308414708 0.0000000000 0.0000000000 0.0000000000 1.0000000000 1.0000000000 1.0000000000 0
4.4242587248 10.1866885310 2.6845188774 0.0000000000 0.0000000000 0.0000000000 1.0000000000 1.0000000000 1.0000000000 0
8.9064486399 4.1872363688 2.6131461259 0.0000000000 0.0000000000 0.0000000000 1.0000000000 1.0000000000 1.0000000000 0
8.3491246887 17.3077981423 3.4451023381 0.0000000000 0.0000000000 0.0000000000 1.0000000000 1.0000000000 1.0000000000 0
16.6840902938 15.0762802099 1.8740501589 0.0000000000 0.0000000000 0.0000000000 1.0000000000 1.0000000000 1.0000000000 0
4.3992676193 16.3251056246 3.7741627944 0.0000000000 0.0000000000 0.0000000000 1.0000000000 1.0000000000 1.0000000000 0
5.0396392811 2.6824758974 4.6146725728 0.0000000000 0.0000000000 0.0000000000 1.0000000000 1.0000000000 1.0000000000 0
17.1443552662 1.5284014702 2.6851423043 0.0000000000 0.0000000000 0.0000000000 1.0000000000 1.0000000000 1.0000000000 0
8.0339560975 14.3992756966 2.5082936560 0.0000000000 0.0000000000 0.0000000000 1.0000000000 1.0000000000 1.0000000000 0
9.7077369896 10.4044294584 16.9620622917 0.0000000000 0.0000000000 0.0000000000 1.0000000000 1.0000000000 1.0000000000 0
16.1038056961 13.5485687345 12.8672435137 0.0000000000 0.0000000000 0.0000000000 1.0000000000 1.0000000000 1.0000000000 1
4.5759641050 7.3659445307 3.9637031714 0.0000000000 0.0000000000 0.0000000000 1.0000000000 1.0000000000 1.0000000000 0
7.9157843147 13.5183780334 4.5746576550 0.0000000000 0.0000000000 0.0000000000 1.0000000000 1.0000000000 1.0000000000 0
11.9103810136 4.2792219114 4.0806824855 0.0000000000 0.0000000000 0.0000000000 1.0000000000 1.0000000000 1.0000000000 0
15.8647116323 15.9392100517 3.5112540623 0.0000000000 0.0000000000 0.0000000000 1.0000000000 1.0000000000 1.0000000000 0
10.6007650053 11.3964459145 9.4991038753 0.0000000000 0.0000000000 0.0000000000 1.0000000000 1.0000000000 1.0000000000 1
5.4945349479 11.3395962169 2.9736068009 0.0000000000 0.0000000000 0.0000000000 1.0000000000 1.0000000000 1.0000000000 0
15.0058486622 11.8131257078 2.9586031314 0.0000000000 0.0000000000 0.0000000000 1.0000000000 1.0000000000 1.0000000000 0
5.8820548153 15.5216409810 4.7751144355 0.0000000000 0.0000000000 0.0000000000 1.0000000000 1.0000000000 1.0000000000 0
15.4957421585 7.9477541475 2.9668568757 0.0000000000 0.0000000000 0.0000000000 1.0000000000 1.0000000000 1.0000000000 0
17.5946160027 3.4424864494 2.7655038678 0.0000000000 0.0000000000 0.0000000000 1.0000000000 1.0000000000 1.0000000000 0
17.8821927757 2.8304106891 4.9733228549 0.0000000000 0.0000000000 0.0000000000 1.0000000000 1.0000000000 1.0000000000 1
8.4750170388 8.7245220158 4.4815453863 0.0000000000 0.0000000000 0.0000000000 1.0000000000 1.0000000000 1.0000000000 0
0.8080453428 3.7632235067 9.4904299735 0.0000000000 0.0000000000 0.0000000000 1.0000000000 1.0000000000 1.0000000000 1
3.6222420518 10.9042149442 3.3429046036 0.0000000000 0.0000000000 0.0000000000 1.0000000000 1.0000000000 1.0000000000 0
18.0873326703 17.9227076866 3.4283297284 0.0000000000 0.0000000000 0.0000000000 1.0000000000 1.0000000000 1.0000000000 0
10.0010033028 2.9511744448 4.2685175282 0.0000000000 0.0000000000 0.0000000000 1.0000000000 1.0000000000 1.0000000000 0
4.1627623065 1.4331155893 2.7530728903 0.0000000000 0.0000000000 0.0000000000 1.0000000000 1.0000000000 1.0000000000 0
5.1467473047 5.8668754232 6.7831403401 0.0000000000 0.0000000000 0.0000000000 1.0000000000 1.0000000000 1.0000000000 1
18.1591136387 16.9852593006 14.5359487548 0.0000000000 0.0000000000 0.0000000000 1.0000000000 1.0000000000 1.0000000000 0
11.7907048265 11.2254767169 4.1539656736 0.0000000000 0.0000000000 0.0000000000 1.0000000000 1.0000000000 1.0000000000 0
9.0123912584 9.3042936151 3.6692888664 0.0000000000 0.0000000000 0.0000000000 1.0000000000 1.0000000000 1.0000000000 0
7.5029947566 6.3626168529 2.8914762226 0.0000000000 0.0000000000 0.0000000000 1.0000000000 1.0000000000 1.0000000000 0
12.6827495781 9.6477239016 3.8354541538 0.0000000000 0.0000000000 0.0000000000 1.0000000000 1.0000000000 1.0000000000 0
6.1097172768 16.6365559847 2.3978864711 0.0000000000 0.0000000000 0.0000000000 1.0000000000 1.0000000000 1.0000000000 0
3.1348431060 9.2634140699 2.8914890341 0.0000000000 0.0000000000 0.0000000000 1.0000000000 1.0000000000 1.0000000000 0
3.3644362220 1.2211541001 4.5699470915 0.0000000000 0.0000000000 0.0000000000 1.0000000000 1.0000000000 1.0000000000 0
16.4009036704 6.4320874496 10.9470395619 0.0000000000 0.0000000000 0.0000000000 1.0000000000 1.0000000000 1.0000000000 1
17.4211817364 12.6235201570 4.4684531043 0.0000000000 0.0000000000 0.0000000000 1.0000000000 1.0000000000 1.0000000000 0
13.8124209375 11.5614665029 3.1168398334 0.0000000000 0.0000000000 0.0000000000 1.0000000000 1.0000000000 1.0000000000 0
9.5191236130 10.2392368968 3.3663253617 0.0000000000 0.0000000000 0.0000000000 1.0000000000 1.0000000000 1.0000000000 0
10.6049450650 8.6727994693 12.2920841601 0.0000000000 0.0000000000 0.0000000000 1.0000000000 1.0000000000 1.0000000000 0
6.4197658345 8.9872686354 5.6517136597 0.0000000000 0.0000000000 0.0000000000 1.0000000000 1.0000000000 1.0000000000 0
13.4754693959 2.2583759455 18.2422064362 0.0000000000 0.0000000000 0.0000000000 1.0000000000 1.0000000000 1.0000000000 0
6.5602858921 15.0010707453 3.5213396327 0.0000000000 0.0000000000 0.0000000000 1.0000000000 1.0000000000 1.0000000000 1
8.8283115812 2.9844919678 3.9273251972 0.0000000000 0.0000000000 0.0000000000 1.0000000000 1.0000000000 1.0000000000 0
13.2597093471 15.9973202451 3.6176498666 0.0000000000 0.0000000000 0.0000000000 1.0000000000 1.0000000000 1.0000000000 0
6.6149244259 5.6112524809 5.0578863186 0.0000000000 0.0000000000 0.0000000000 1.0000000000 1.0000000000 1.0000000000 0
13.0525376680 14.5057798170 7.2176590474 0.0000000000 0.0000000000 0.0000000000 1.0000000000 1.0000000000 1.0000000000 1
6.4656881915 6.0856557509 3.2337900640 0.0000000000 0.0000000000 0.0000000000 1.0000000000 1.0000000000 1.0000000000 0
16.1949918547 17.0527829810 6.5683861492 0.0000000000 0.0000000000 0.0000000000 1.0000000000 1.0000000000 1.0000000000 1
11.0304569070 13.8855523552 2.4383537224 0.0000000000 0.0000000000 0.0000000000 1.0000000000 1.0000000000 1.0000000000 0
1.3963231670 17.9011373170 2.4884895052 0.0000000000 0.0000000000 0.0000000000 1.0000000000 1.0000000000 1.0000000000 0
2.9403411821 13.9694480979 3.0640553356 0.0000000000 0.0000000000 0.0000000000 1.0000000000 1.0000000000 1.0000000000 0
7.2983321806 9.3266865866 11.9142059555 0.0000000000 0.0000000000 0.0000000000 1.0000000000 1.0000000000 1.0000000000 1
5.7479156188 6.1543164049 4.3639072950 0.0000000000 0.0000000000 0.0000000000 1.0000000000 1.0000000000 1.0000000000 0
17.8906078573 6.5648763519 17.4937685551 0.0000000000 0.0000000000 0.0000000000 1.0000000000 1.0000000000 1.0000000000 0
14.6682420333 10.1176887881 4.6552753735 0.0000000000 0.0000000000 0.0000000000 1.0000000000 1.0000000000 1.0000000000 0
11.9381495640 17.1147801593 2.9873611338 0.0000000000 0.0000000000 0.0000000000 1.0000000000 1.0000000000 1.0000000000 0
16.1780639442 1.9121470599 17.3001791518 0.0000000000 0.0000000000 0.0000000000 1.0000000000 1.0000000000 1.0000000000 0
3.4619412874 7.2331550364 2.5566874678 0.0000000000 0.0000000000 0.0000000000 1.0000000000 1.0000000000 1.0000000000 0
4.6188284155 17.2485102597 13.0045077919 0.0000000000 0.0000000000 0.0000000000 1.0000000000 1.0000000000 1.0000000000 1
5.6417369838 15.3172694112 13.0716591092 0.0000000000 0.0000000000 0.0000000000 1.0000000000 1.0000000000 1.0000000000 0
18.0120247919 0.7924937160 4.1867014137 0.0000000000 0.0000000000 0.0000000000 1.0000000000 1.0000000000 1.0000000000 0
3.5836630588 3.1729111382 7.0882226819 0.0000000000 0.0000000000 0.0000000000 1.0000000000 1.0000000000 1.0000000000 1
8.7953228450 7.5358141098 2.6854559592 0.0000000000 0.0000000000 0.0000000000 1.0000000000 1.0000000000 1.0000000000 0
7.9634578640 16.6817337408 4.4635363885 0.0000000000 0.0000000000 0.0000000000 1.0000000000 1.0000000000 1.0000000000 0
3.1293634620 5.7060023622 7.6638119285 0.0000000000 0.0000000000 0.0000000000 1.0000000000 1.0000000000 1.0000000000 0
17.9139566968 4.3785867673 9.1363697477 0.0000000000 0.0000000000 0.0000000000 1.0000000000 1.0000000000 1.0000000000 1
15.6381958014 14.6087546659 3.3408423114 0.0000000000 0.0000000000 0.0000000000 1.0000000000 1.0000000000 1.0000000000 0
14.9470888645 0.7336761226 3.9498424386 0.0000000000 0.0000000000 0.0000000000 1.0000000000 1.0000000000 1.0000000000 0
11.4358441876 5.6419179839 5.5610732916 0.0000000000 0.0000000000 0.0000000000 1.0000000000 1.0000000000 1.0000000000 1
13.1096872627 1.2385149909 3.2572655809 0.0000000000 0.0000000000 0.0000000000 1.0000000000 1.0000000000 1.0000000000 0
9.7762406373 11.8840090008 4.6896718784 0.0000000000 0.0000000000 0.0000000000 1.0000000000 1.0000000000 1.0000000000 0
6.6245583614 16.3478034540 3.5008655267 0.0000000000 0.0000000000 0.0000000000 1.0000000000 1.0000000000 1.0000000000 0
3.7167876733 4.4768438081 9.0808137619 0.0000000000 0.0000000000 0.0000000000 1.0000000000 1.0000000000 1.0000000000 0
1.6074987763 10.4825695180 2.3587604666 0.0000000000 0.0000000000 0.0000000000 1.0000000000 1.0000000000 1.0000000000 0
6.5490938198 2.7230888033 2.9669151121 0.0000000000 0.0000000000 0.0000000000 1.0000000000 1.0000000000 1.0000000000 0
2.9723899228 9.9168067985 14.9962096621 0.0000000000 0.0000000000 0.0000000000 1.0000000000 1.0000000000 1.0000000000 1
11.4548234121 10.1975242624 2.8404433414 0.0000000000 0.0000000000 0.0000000000 1.0000000000 1.0000000000 1.0000000000 0
10.9452482645 4.0963904622 4.7267759251 0.0000000000 0.0000000000 0.0000000000 1.0000000000 1.0000000000 1.0000000000 0
4.5536617306 16.6941493801 2.7618115874 0.0000000000 0.0000000000 0.0000000000 1.0000000000 1.0000000000 1.0000000000 0
3.2403269584 2.4943641186 3.6235292318 0.0000000000 0.0000000000 0.0000000000 1.0000000000 1.0000000000 1.0000000000 0
2.9349951867 2.6134242345 4.6453519009 0.0000000000 0.0000000000 0.0000000000 1.0000000000 1.0000000000 1.0000000000 0
3.9304601243 7.9755538941 3.3747204858 0.0000000000 0.0000000000 0.0000000000 1.0000000000 1.0000000000 1.0000000000 0
9.9560785935 5.1665657881 3.4099380567 0.0000000000 0.0000000000 0.0000000000 1.0000000000 1.0000000000 1.0000000000 0
16.8377309319 2.1206850501 5.2152490658 0.0000000000 0.0000000000 0.0000000000 1.0000000000 1.0000000000 1.0000000000 0
14.7212336832 13.0197828368 3.2132852700 0.0000000000 0.0000000000 0.0000000000 1.0000000000 1.0000000000 1.0000000000 0
14.5120458744 10.1553673321 3.1908356548 0.0000000000 0.0000000000 0.0000000000 1.0000000000 1.0000000000 1.0000000000 0
5.5898670105 12.0639742576 6.6043711642 0.0000000000 0.0000000000 0.0000000000 1.0000000000 1.0000000000 1.0000000000 1
17.3375359127 4.0042083019 3.9554416242 0.0000000000 0.0000000000 0.0000000000 1.0000000000 1.0000000000 1.0000000000 0
5.7882581040 13.4971673178 5.4545562654 0.0000000000 0.0000000000 0.0000000000 1.0000000000 1.0000000000 1.0000000000 0
10.6134149832 10.4505439955 2.3154060595 0.0000000000 0.0000000000 0.0000000000 1.0000000000 1.0000000000 1.0000000000 0
17.2631843559 15.3081297230 3.9179459614 0.0000000000 0.0000000000 0.0000000000 1.0000000000 1.0000000000 1.0000000000 0
0.9413581074 15.7732803023 4.7877452949 0.0000000000 0.0000000000 0.0000000000 1.0000000000 1.0000000000 1.0000000000 0
5.6189697670 5.7619118813 12.7846103636 0.0000000000 0.0000000000 0.0000000000 1.0000000000 1.0000000000 1.0000000000 1
5.4321829086 15.6277201858 2.4876568550 0.0000000000 0.0000000000 0.0000000000 1.0000000000 1.0000000000 1.0000000000 0
14.2935335370 3.5230484855 7.9414543695 0.0000000000 0.0000000000 0.0000000000 1.0000000000 1.0000000000 1.0000000000 1
1.4261866830 11.3098579492 3.3047399936 0.0000000000 0.0000000000 0.0000000000 1.0000000000 1.0000000000 1.0000000000 0
18.2023227778 15.8640744388 2.3936236539 0.0000000000 0.0000000000 0.0000000000 1.0000000000 1.0000000000 1.0000000000 0
4.7490345819 9.9428874607 3.6781197926 0.0000000000 0.0000000000 0.0000000000 1.0000000000 1.0000000000 1.0000000000 0
3.0636227992 15.1623280858 3.1079220503 0.0000000000 0.0000000000 0.0000000000 1.0000000000 1.0000000000 1.0000000000 0
0.4380345559 1.4981198326 4.3502365113 0.0000000000 0.0000000000 0.0000000000 1.0000000000 1.0000000000 1.0000000000 0
17.1377065888 10.2173965063 4.9231299556 0.0000000000 0.0000000000 0.0000000000 1.0000000000 1.0000000000 1.0000000000 0
1.2756982282 6.5141275550 4.8966831610 0.0000000000 0.0000000000 0.0000000000 1.0000000000 1.0000000000 1.0000000000 0
9.0568247084 15.7718506627 4.0176450097 0.0000000000 0.0000000000 0.0000000000 1.0000000000 1.0000000000 1.0000000000 0
16.0032203727 10.7590847567 3.3633539172 0.0000000000 0.0000000000 0.0000000000 1.0000000000 1.0000000000 1.0000000000 0
4.1082919955 7.2025833778 12.8342640870 0.0000000000 0.0000000000 0.0000000000 1.0000000000 1.0000000000 1.0000000000 0
10.7042444890 12.0641653135 4.3048577563 0.0000000000 0.0000000000 0.0000000000 1.0000000000 1.0000000000 1.0000000000 0
9.9570730875 5.3141157760 12.2442691946 0.0000000000 0.0000000000 0.0000000000 1.0000000000 1.0000000000 1.0000000000 0
11.5498654855 3.1237718473 3.3442986778 0.0000000000 0.0000000000 0.0000000000 1.0000000000 1.0000000000 1.0000000000 0
3.1865836796 7.9738620593 4.8773128494 0.0000000000 0.0000000000 0.0000000000 1.0000000000 1.0000000000 1.0000000000 0
6.9536974667 4.8034813138 3.3780595003 0.0000000000 0.0000000000 0.0000000000 1.0000000000 1.0000000000 1.0000000000 0
10.0693324486 1.1002047862 2.2796494020 0.0000000000 0.0000000000 0.0000000000 1.0000000000 1.0000000000 1.0000000000 1
6.4688880006 16.0175079834 6.2149110675 0.0000000000 0.0000000000 0.0000000000 1.0000000000 1.0000000000 1.0000000000 1
7.0888388758 13.6891779483 3.6942609737 0.0000000000 0.0000000000 0.0000000000 1.0000000000 1.0000000000 1.0000000000 0
8.2156245354 15.0085928982 3.4041907225 0.0000000000 0.0000000000 0.0000000000 1.0000000000 1.0000000000 1.0000000000 0
1.8146460977 7.3942511022 3.3325140552 0.0000000000 0.0000000000 0.0000000000 1.0000000000 1.0000000000 1.0000000000 0
14.0819063733 10.9992992917 4.1231363230 0.0000000000 0.0000000000 0.0000000000 1.0000000000 1.0000000000 1.0000000000 0
13.1682070875 7.6647841050 3.9721957447 0.0000000000 0.0000000000 0.0000000000 1.0000000000 1.0000000000 1.0000000000 1
10.6129435981 5.8290352598 2.7590006025 0.0000000000 0.0000000000 0.0000000000 1.0000000000 1.0000000000 1.0000000000 0
17.9948626687 4.5704385168 3.0681151340 0.0000000000 0.0000000000 0.0000000000 1.0000000000 1.0000000000 1.0000000000 0
4.1827103553 3.5988743222 9.6344573476 0.0000000000 0.0000000000 0.0000000000 1.0000000000 1.0000000000 1.0000000000 1
5.3095534449 2.4883167172 9.5291170079 0.0000000000 0.0000000000 0.0000000000 1.0000000000 1.0000000000 1.0000000000 1
10.1847978233 2.1288509061 6.3256855116 0.0000000000 0.0000000000 0.0000000000 1.0000000000 1.0000000000 1.0000000000 1
2.5639249312 14.8745781172 5.1740733305 0.0000000000 0.0000000000 0.0000000000 1.0000000000 1.0000000000 1.0000000000 0
2.1478899200 7.6441595004 4.7425658393 0.0000000000 0.0000000000 0.0000000000 1.0000000000 1.0000000000 1.0000000000 0
8.0652855094 18.3349868157 2.7206534882 0.0000000000 0.0000000000 0.0000000000 1.0000000000 1.0000000000 1.0000000000 0
8.3529092809 2.8994459863 2.4343133373 0.0000000000 0.0000000000 0.0000000000 1.0000000000 1.0000000000 1.0000000000 0
8.3717559484 17.7181310704 1.8665432395 0.0000000000 0.0000000000 0.0000000000 1.0000000000 1.0000000000 1.0000000000 0
13.0066258473 16.2402237974 4.7831750219 0.0000000000 0.0000000000 0.0000000000 1.0000000000 1.0000000000 1.0000000000 0
13.8080610726 12.0044368005 1.7286381235 0.0000000000 0.0000000000 0.0000000000 1.0000000000 1.0000000000 1.0000000000 0
17.6040839407 6.9197744160 2.3605319229 0.0000000000 0.0000000000 0.0000000000 1.0000000000 1.0000000000 1.0000000000 0
15.7557127087 2.9213760862 16.7137595209 0.0000000000 0.0000000000 0.0000000000 1.0000000000 1.0000000000 1.0000000000 0
12.3821485203 11.0388523521 3.1616516208 0.0000000000 0.0000000000 0.0000000000 1.0000000000 1.0000000000 1.0000000000 0
10.0462263417 10.7916426559 5.1185878232 0.0000000000 0.0000000000 0.0000000000 1.0000000000 1.0000000000 1.0000000000 1
8.4260436647 9.6006694523 5.1396364534 0.0000000000 0.0000000000 0.0000000000 1.0000000000 1.0000000000 1.0000000000 0
8.6733609937 10.2578710240 4.1847947283 0.0000000000 0.0000000000 0.0000000000 1.0000000000 1.0000000000 1.0000000000 0
14.5812837108 11.1112674288 15.8853684528 0.0000000000 0.0000000000 0.0000000000 1.0000000000 1.0000000000 1.0000000000 0
4.7636091264 9.0925104934 4.6702309452 0.0000000000 0.0000000000 0.0000000000 1.0000000000 1.0000000000 1.0000000000 0
4.4881199913 12.5452517950 3.1787742687 0.0000000000 0.0000000000 0.0000000000 1.0000000000 1.0000000000 1.0000000000 0
5.6833780175 10.0309524047 4.4652438015 0.0000000000 0.0000000000 0.0000000000 1.0000000000 1.0000000000 1.0000000000 0
3.2215167789 2.2311771134 2.6638532469 0.0000000000 0.0000000000 0.0000000000 1.0000000000 1.0000000000 1.0000000000 0
9.1938385674 14.9028603702 9.1059311659 0.0000000000 0.0000000000 0.0000000000 1.0000000000 1.0000000000 1.0000000000 1
6.6133086167 8.4313234015 11.1786143101 0.0000000000 0.0000000000 0.0000000000 1.0000000000 1.0000000000 1.0000000000 1
17.6643218693 7.0539029890 3.6309521664 0.0000000000 0.0000000000 0.0000000000 1.0000000000 1.0000000000 1.0000000000 0
1.6486464543 8.8070908717 2.4439640583 0.0000000000 0.0000000000 0.0000000000 1.0000000000 1.0000000000 1.0000000000 0
1.6708914486 9.8225569179 4.9721197675 0.0000000000 0.0000000000 0.0000000000 1.0000000000 1.0000000000 1.0000000000 0
5.8065556936 7.1590192961 3.6752862470 0.0000000000 0.0000000000 0.0000000000 1.0000000000 1.0000000000 1.0000000000 0
14.7971291193 3.0825243495 3.7782284673 0.0000000000 0.0000000000 0.0000000000 1.0000000000 1.0000000000 1.0000000000 0
17.9577854560 9.6189002793 3.2155827327 0.0000000000 0.0000000000 0.0000000000 1.0000000000 1.0000000000 1.0000000000 0
2.7470398907 11.1482177329 5.2122753130 0.0000000000 0.0000000000 0.0000000000 1.0000000000 1.0000000000 1.0000000000 1
17.4895415130 2.8316897902 13.4443246238 0.0000000000 0.0000000000 0.0000000000 1.0000000000 1.0000000000 1.0000000000 0
3.1320614266 1.2094675534 3.0188688099 0.0000000000 0.0000000000 0.0000000000 1.0000000000 1.0000000000 1.0000000000 0
8.3755744439 5.5046562994 2.5596285537 0.0000000000 0.0000000000 0.0000000000 1.0000000000 1.0000000000 1.0000000000 0
15.7524763617 12.5244809511 18.0702746418 0.0000000000 0.0000000000 0.0000000000 1.0000000000 1.0000000000 1.0000000000 1
17.3907346460 8.8846054281 5.1960330677 0.0000000000 0.0000000000 0.0000000000 1.0000000000 1.0000000000 1.0000000000 0
2.2696513492 15.7469826295 4.1765780876 0.0000000000 0.0000000000 0.0000000000 1.0000000000 1.0000000000 1.0000000000 0
14.7446404406 14.7036435972 2.6711635917 0.0000000000 0.0000000000 0.0000000000 1.0000000000 1.0000000000 1.0000000000 0
10.9860493810 16.1187083761 5.8110000634 0.0000000000 0.0000000000 0.0000000000 1.0000000000 1.0000000000 1.0000000000 0
13.4330367057 17.9605226887 2.1677075293 0.0000000000 0.0000000000 0.0000000000 1.0000000000 1.0000000000 1.0000000000 0
0.4512911251 17.8137913696 4.1971863545 0.0000000000 0.0000000000 0.0000000000 1.0000000000 1.0000000000 1.0000000000 0
5.4150757676 6.1713237092 2.1382619573 0.0000000000 0.0000000000 0.0000000000 1.0000000000 1.0000000000 1.0000000000 0
13.1529854915 14.2736880227 4.5286846795 0.0000000000 0.0000000000 0.0000000000 1.0000000000 1.0000000000 1.0000000000 0
13.9714671619 15.8200093484 8.2342484860 0.0000000000 0.0000000000 0.0000000000 1.0000000000 1.0000000000 1.0000000000 1
4.5540413812 2.3685154843 2.6252692460 0.0000000000 0.0000000000 0.0000000000 1.0000000000 1.0000000000 1.0000000000 0
2.1709396223 18.0454414330 3.3796500274 0.0000000000 0.0000000000 0.0000000000 1.0000000000 1.0000000000 1.0000000000 0
2.4614993116 7.8213241545 2.3723975135 0.0000000000 0.0000000000 0.0000000000 1.0000000000 1.0000000000 1.0000000000 1
15.0937698739 12.1028675460 4.1601886034 0.0000000000 0.0000000000 0.0000000000 1.0000000000 1.0000000000 1.0000000000 0
10.9729495940 5.0666558471 12.0545737630 0.0000000000 0.0000000000 0.0000000000 1.0000000000 1.0000000000 1.0000000000 0
9.4596720326 3.9031066282 3.8693766215 0.0000000000 0.0000000000 0.0000000000 1.0000000000 1.0000000000 1.0000000000 0
4.5401207133 6.7270103309 4.9503288181 0.0000000000 0.0000000000 0.0000000000 1.0000000000 1.0000000000 1.0000000000 0
5.2116618257 0.2768374872 12.4033582001 0.0000000000 0.0000000000 0.0000000000 1.0000000000 1.0000000000 1.0000000000 1
9.0209736405 2.0446172981 2.4027242540 0.0000000000 0.0000000000 0.0000000000 1.0000000000 1.0000000000 1.0000000000 0
8.8998426712 7.2307787421 6.3738062963 0.0000000000 0.0000000000 0.0000000000 1.0000000000 1.0000000000 1.0000000000 1
16.4860481405 16.6002826487 4.2610593145 0.0000000000 0.0000000000 0.0000000000 1.0000000000 1.0000000000 1.0000000000 0
13.6879008215 4.1475705733 6.0378118540 0.0000000000 0.0000000000 0.0000000000 1.0000000000 1.0000000000 1.0000000000 0
9.7785578699 6.7421481925 9.5127090809 0.0000000000 0.0000000000 0.0000000000 1.0000000000 1.0000000000 1.0000000000 1
10.8156798388 14.6006579086 4.5425442822 0.0000000000 0.0000000000 0.0000000000 1.0000000000 1.0000000000 1.0000000000 0
1.1001014294 7.2522352371 6.0397833849 0.0000000000 0.0000000000 0.0000000000 1.0000000000 1.0000000000 1.0000000000 0
7.0145415838 9.9034501980 5.6134487640 0.0000000000 0.0000000000 0.0000000000 1.0000000000 1.0000000000 1.0000000000 0
14.8925274956 16.8375132131 2.9369636223 0.0000000000 0.0000000000 0.0000000000 1.0000000000 1.0000000000 1.0000000000 0
7.5240563041 13.5669992103 2.6197416965 0.0000000000 0.0000000000 0.0000000000 1.0000000000 1.0000000000 1.0000000000 0
10.9779855664 8.7104879750 4.0116900457 0.0000000000 0.0000000000 0.0000000000 1.0000000000 1.0000000000 1.0000000000 0
13.0919430171 8.8198573807 3.3619874700 0.0000000000 0.0000000000 0.0000000000 1.0000000000 1.0000000000 1.0000000000 0
8.2231588675 12.8161221398 12.8258102250 0.0000000000 0.0000000000 0.0000000000 1.0000000000 1.0000000000 1.0000000000 0
17.9544467190 18.3945981306 5.2068093274 0.0000000000 0.0000000000 0.0000000000 1.0000000000 1.0000000000 1.0000000000 1
4.3918990116 4.2717968611 7.3056821181 0.0000000000 0.0000000000 0.0000000000 1.0000000000 1.0000000000 1.0000000000 1
17.3401807839 3.8818123758 16.8721984689 0.0000000000 0.0000000000 0.0000000000 1.0000000000 1.0000000000 1.0000000000 0
0.0404506859 2.4655400329 2.7053265526 0.0000000000 0.0000000000 0.0000000000 1.0000000000 1.0000000000 1.0000000000 0
7.2143733556 9.0307491151 4.5929139670 0.0000000000 0.0000000000 0.0000000000 1.0000000000 1.0000000000 1.0000000000 0
15.0626250047 13.8360519986 3.7823850223 0.0000000000 0.0000000000 0.0000000000 1.0000000000 1.0000000000 1.0000000000 0
13.8210446594 16.7099014755 1.7549166648 0.0000000000 0.0000000000 0.0000000000 1.0000000000 1.0000000000 1.0000000000 0
10.5341793790 0.9905569319 12.3291119503 0.0000000000 0.0000000000 0.0000000000 1.0000000000 1.0000000000 1.0000000000 0
0.7648962056 0.2708650950 4.4516298785 0.0000000000 0.0000000000 0.0000000000 1.0000000000 1.0000000000 1.0000000000 1
4.5871136163 14.7705285898 12.2141421912 0.0000000000 0.0000000000 0.0000000000 1.0000000000 1.0000000000 1.0000000000 0
8.1878142699 15.2380633792 4.5435532679 0.0000000000 0.0000000000 0.0000000000 1.0000000000 1.0000000000 1.0000000000 0
15.9487249058 12.4723539583 3.2150291099 0.0000000000 0.0000000000 0.0000000000 1.0000000000 1.0000000000 1.0000000000 0
0.1319753606 10.0164395858 4.7164443351 0.0000000000 0.0000000000 0.0000000000 1.0000000000 1.0000000000 1.0000000000 1
11.2427411635 11.9816036117 2.5720467677 0.0000000000 0.0000000000 0.0000000000 1.0000000000 1.0000000000 1.0000000000 0
0.6898773144 5.0177783608 3.9704957755 0.0000000000 0.0000000000 0.0000000000 1.0000000000 1.0000000000 1.0000000000 1
12.7162174588 17.7673626474 3.9371089127 0.0000000000 0.0000000000 0.0000000000 1.0000000000 1.0000000000 1.0000000000 0
3.8257839552 17.6975380511 3.0380833401 0.0000000000 0.0000000000 0.0000000000 1.0000000000 1.0000000000 1.0000000000 0
3.0049166730 10.0472733967 3.6987154929 0.0000000000 0.0000000000 0.0000000000 1.0000000000 1.0000000000 1.0000000000 0
12.3798195938 10.0837614546 5.4914067730 0.0000000000 0.0000000000 0.0000000000 1.0000000000 1.0000000000 1.0000000000 1
9.8547629670 12.5423796724 2.4496745893 0.0000000000 0.0000000000 0.0000000000 1.0000000000 1.0000000000 1.0000000000 0
12.0582260472 8.4316316180 4.5986000275 0.0000000000 0.0000000000 0.0000000000 1.0000000000 1.0000000000 1.0000000000 0
10.1024791566 8.3114737501 2.6203148271 0.0000000000 0.0000000000 0.0000000000 1.0000000000 1.0000000000 1.0000000000 0
16.6115059295 6.6509456072 3.1573439881 0.0000000000 0.0000000000 0.0000000000 1.0000000000 1.0000000000 1.0000000000 0
17.9991594219 8.6381789100 3.8989675357 0.0000000000 0.0000000000 0.0000000000 1.0000000000 1.0000000000 1.0000000000 0
7.9653760314 10.8055726783 4.9229468565 0.0000000000 0.0000000000 0.0000000000 1.0000000000 1.0000000000 1.0000000000 1
12.6371401312 0.7927819798 2.0177787873 0.0000000000 0.0000000000 0.0000000000 1.0000000000 1.0000000000 1.0000000000 0
8.7874303860 11.4032165743 4.4546602584 0.0000000000 0.0000000000 0.0000000000 1.0000000000 1.0000000000 1.0000000000 0
1.9610418853 2.0493049384 2.6079838734 0.0000000000 0.0000000000 0.0000000000 1.0000000000 1.0000000000 1.0000000000 0
5.1418079775 11.7223869891 5.7037040002 0.0000000000 0.0000000000 0.0000000000 1.0000000000 1.0000000000 1.0000000000 1
10.7380757399 2.0474602819 9.0625816695 0.0000000000 0.0000000000 0.0000000000 1.0000000000 1.0000000000 1.0000000000 1
2.5316817811 13.0643923661 3.5094784514 0.0000000000 0.0000000000 0.0000000000 1.0000000000 1.0000000000 1.0000000000 0
0.6367249686 9.1939749914 3.5637971332 0.0000000000 0.0000000000 0.0000000000 1.0000000000 1.0000000000 1.0000000000 0
15.9031013962 18.0408149183 4.2977403668 0.0000000000 0.0000000000 0.0000000000 1.0000000000 1.0000000000 1.0000000000 0
16.8716849184 5.7960442562 2.2768545985 0.0000000000 0.0000000000 0.0000000000 1.0000000000 1.0000000000 1.0000000000 0
16.4151759210 1.2914110916 3.7831490181 0.0000000000 0.0000000000 0.0000000000 1.0000000000 1.0000000000 1.0000000000 0
4.3328253288 8.0984638754 4.6099634707 0.0000000000 0.0000000000 0.0000000000 1.0000000000 1.0000000000 1.0000000000 0
1.4497184184 12.3781594522 4.0333497195 0.0000000000 0.0000000000 0.0000000000 1.0000000000 1.0000000000 1.0000000000 0
16.8611713797 1.1402366082 4.8169460010 0.0000000000 0.0000000000 0.0000000000 1.0000000000 1.0000000000 1.0000000000 1
8.6196374062 13.7747535713 3.0411874256 0.0000000000 0.0000000000 0.0000000000 1.0000000000 1.0000000000 1.0000000000 0
11.6591606293 9.9805633917 4.0210560436 0.0000000000 0.0000000000 0.0000000000 1.0000000000 1.0000000000 1.0000000000 0
9.0539169667 0.9961313999 5.7165412729 0.0000000000 0.0000000000 0.0000000000 1.0000000000 1.0000000000 1.0000000000 0
6.3903314332 2.5434007926 7.4396465758 0.0000000000 0.0000000000 0.0000000000 1.0000000000 1.0000000000 1.0000000000 1
5.0057069068 12.8499667589 4.5546558260 0.0000000000 0.0000000000 0.0000000000 1.0000000000 1.0000000000 1.0000000000 0
15.6527838877 7.6709139143 4.2066657666 0.0000000000 0.0000000000 0.0000000000 1.0000000000 1.0000000000 1.0000000000 0
12.2364982087 17.4013742501 1.9841846833 0.0000000000 0.0000000000 0.0000000000 1.0000000000 1.0000000000 1.0000000000 0
11.0483676116 17.0770917299 3.6757778781 0.0000000000 0.0000000000 0.0000000000 1.0000000000 1.0000000000 1.0000000000 0
13.2897628619 0.3307306789 5.6274256991 0.0000000000 0.0000000000 0.0000000000 1.0000000000 1.0000000000 1.0000000000 1
16.8040109656 13.4541698645 13.9467567430 0.0000000000 0.0000000000 0.0000000000 1.0000000000 1.0000000000 1.0000000000 1
11.5784643258 2.8369648715 9.7883486290 0.0000000000 0.0000000000 0.0000000000 1.0000000000 1.0000000000 1.0000000000 1
6.2733463655 0.7692859506 2.7151046081 0.0000000000 0.0000000000 0.0000000000 1.0000000000 1.0000000000 1.0000000000 0
12.2330636078 7.6277936722 12.0267759481 0.0000000000 0.0000000000 0.0000000000 1.0000000000 1.0000000000 1.0000000000 1
7.2121828419 14.1985416899 5.7539352297 0.0000000000 0.0000000000 0.0000000000 1.0000000000 1.0000000000 1.0000000000 1
16.5874397378 3.4484923557 15.8254871335 0.0000000000 0.0000000000 0.0000000000 1.0000000000 1.0000000000 1.0000000000 0
2.6069088406 2.5134259920 8.9018503261 0.0000000000 0.0000000000 0.0000000000 1.0000000000 1.0000000000 1.0000000000 1
17.9645166493 11.9234127229 4.0146891940 0.0000000000 0.0000000000 0.0000000000 1.0000000000 1.0000000000 1.0000000000 0
12.2682904554 14.9194195156 8.6972523816 0.0000000000 0.0000000000 0.0000000000 1.0000000000 1.0000000000 1.0000000000 1
14.8130580906 15.6135770573 11.0097988139 0.0000000000 0.0000000000 0.0000000000 1.0000000000 1.0000000000 1.0000000000 1
12.6138771852 13.3519496052 4.7728726518 0.0000000000 0.0000000000 0.0000000000 1.0000000000 1.0000000000 1.0000000000 1
17.5782896501 13.0302783274 7.8880945437 0.0000000000 0.0000000000 0.0000000000 1.0000000000 1.0000000000 1.0000000000 0
14.2407272646 7.7710374271 11.3133063699 0.0000000000 0.0000000000 0.0000000000 1.0000000000 1.0000000000 1.0000000000 1
17.3623294714 11.3692111150 12.9985877951 0.0000000000 0.0000000000 0.0000000000 1.0000000000 1.0000000000 1.0000000000 0
