2.3977519434 6.6333997116 3.2013318504 0.0000000000 0.0000000000 0.0000000000 1.0000000000 1.0000000000 1.0000000000 0
10.2822109201 8.7256931621 9.1330315472 0.0000000000 0.0000000000 0.0000000000 1.0000000000 1.0000000000 1.0000000000 0
2.6407776147 5.1885388023 11.0278374984 0.0000000000 0.0000000000 0.0000000000 1.0000000000 1.0000000000 1.0000000000 0
5.6707491719 9.5849259597 9.2620480002 0.0000000000 0.0000000000 0.0000000000 1.0000000000 1.0000000000 1.0000000000 0
3.7110962840 5.2853687653 8.9853917454 0.0000000000 0.0000000000 0.0000000000 1.0000000000 1.0000000000 1.0000000000 0
9.1726135823 5.4424384128 3.1387175628 0.0000000000 0.0000000000 0.0000000000 1.0000000000 1.0000000000 1.0000000000 0
7.6268681630 9.3132295945 3.4437454203 0.0000000000 0.0000000000 0.0000000000 1.0000000000 1.0000000000 1.0000000000 0
7.7360896802 5.4294415621 2.3088976224 0.0000000000 0.0000000000 0.0000000000 1.0000000000 1.0000000000 1.0000000000 0
6.7932780658 7.5595930466 7.7235129976 0.0000000000 0.0000000000 0.0000000000 1.0000000000 1.0000000000 1.0000000000 0
1.6509882854 10.1554088507 9.1785990159 0.0000000000 0.0000000000 0.0000000000 1.0000000000 1.0000000000 1.0000000000 0
5.5819816143 4.5573702469 10.0580710803 0.0000000000 0.0000000000 0.0000000000 1.0000000000 1.0000000000 1.0000000000 0
1.0309221327 11.0108018317 4.4945732830 0.0000000000 0.0000000000 0.0000000000 1.0000000000 1.0000000000 1.0000000000 0
3.9897687810 4.2519116071 3.4616810500 0.0000000000 0.0000000000 0.0000000000 1.0000000000 1.0000000000 1.0000000000 0
8.0672693567 11.1569097195 10.3151386006 0.0000000000 0.0000000000 0.0000000000 1.0000000000 1.0000000000 1.0000000000 0
0.8151348262 1.1592345597 11.1181541690 0.0000000000 0.0000000000 0.0000000000 1.0000000000 1.0000000000 1.0000000000 0
0.8432267161 10.1875190750 1.5822090897 0.0000000000 0.0000000000 0.0000000000 1.0000000000 1.0000000000 1.0000000000 0
0.5269000480 3.5721380967 17.8786403972 0.0000000000 0.0000000000 0.0000000000 1.0000000000 1.0000000000 1.0000000000 0
8.3671426682 3.7636032692 18.6675225727 0.0000000000 0.0000000000 0.0000000000 1.0000000000 1.0000000000 1.0000000000 0
6.0979525941 1.8433088788 9.5511763760 0.0000000000 0.0000000000 0.0000000000 1.0000000000 1.0000000000 1.0000000000 0
7.8925488578 5.4937425132 16.1593852185 0.0000000000 0.0000000000 0.0000000000 1.0000000000 1.0000000000 1.0000000000 0
6.5256960446 9.7238265950 7.6802564568 0.0000000000 0.0000000000 0.0000000000 1.0000000000 1.0000000000 1.0000000000 0
4.9598878555 2.1963766934 9.2991634239 0.0000000000 0.0000000000 0.0000000000 1.0000000000 1.0000000000 1.0000000000 0
6.5295323419 2.4096815946 8.3281340121 0.0000000000 0.0000000000 0.0000000000 1.0000000000 1.0000000000 1.0000000000 0
4.3096683545 0.1645361617 1.3521168117 0.0000000000 0.0000000000 0.0000000000 1.0000000000 1.0000000000 1.0000000000 0
5.5945485087 4.0476487252 5.7367344340 0.0000000000 0.0000000000 0.0000000000 1.0000000000 1.0000000000 1.0000000000 0
1.2118499549 11.0185685303 11.9341886203 0.0000000000 0.0000000000 0.0000000000 1.0000000000 1.0000000000 1.0000000000 0
9.6115799432 9.5946985612 11.3828956445 0.0000000000 0.0000000000 0.0000000000 1.0000000000 1.0000000000 1.0000000000 0
10.0976375622 6.8379882755 4.1811903111 0.0000000000 0.0000000000 0.0000000000 1.0000000000 1.0000000000 1.0000000000 0
0.4355464990 1.8498047256 10.4772988337 0.0000000000 0.0000000000 0.0000000000 1.0000000000 1.0000000000 1.0000000000 0
7.4684058256 6.6082559442 12.8156423876 0.0000000000 0.0000000000 0.0000000000 1.0000000000 1.0000000000 1.0000000000 0
10.3863182542 1.7588965944 17.3282865521 0.0000000000 0.0000000000 0.0000000000 1.0000000000 1.0000000000 1.0000000000 0
10.3941317187 2.4325738836 19.6796552056 0.0000000000 0.0000000000 0.0000000000 1.0000000000 1.0000000000 1.0000000000 1
0.3884839622 4.6496677385 2.4512071128 0.0000000000 0.0000000000 0.0000000000 1.0000000000 1.0000000000 1.0000000000 0
0.4443088298 5.3842324245 12.5524473125 0.0000000000 0.0000000000 0.0000000000 1.0000000000 1.0000000000 1.0000000000 0
3.1671667298 9.4357359135 10.4539762261 0.0000000000 0.0000000000 0.0000000000 1.0000000000 1.0000000000 1.0000000000 0
10.3108952071 4.1779175451 11.7149553265 0.0000000000 0.0000000000 0.0000000000 1.0000000000 1.0000000000 1.0000000000 0
8.0139973938 8.9204600780 4.5773373698 0.0000000000 0.0000000000 0.0000000000 1.0000000000 1.0000000000 1.0000000000 0
1.4758169417 2.3851574988 9.7277572682 0.0000000000 0.0000000000 0.0000000000 1.0000000000 1.0000000000 1.0000000000 0
9.5096920669 5.9705991990 14.0469275322 0.0000000000 0.0000000000 0.0000000000 1.0000000000 1.0000000000 1.0000000000 0
2.1736191601 2.5043020654 8.4143333101 0.0000000000 0.0000000000 0.0000000000 1.0000000000 1.0000000000 1.0000000000 0
5.7859779760 4.0113766506 10.9391240714 0.0000000000 0.0000000000 0.0000000000 1.0000000000 1.0000000000 1.0000000000 0
9.9951154991 3.0585618872 10.3720485564 0.0000000000 0.0000000000 0.0000000000 1.0000000000 1.0000000000 1.0000000000 0
4.3142929953 2.1962997947 1.1055617037 0.0000000000 0.0000000000 0.0000000000 1.0000000000 1.0000000000 1.0000000000 0
1.0930032958 6.6713430463 17.9207597195 0.0000000000 0.0000000000 0.0000000000 1.0000000000 1.0000000000 1.0000000000 1
5.5869296056 8.4443935142 8.6650525272 0.0000000000 0.0000000000 0.0000000000 1.0000000000 1.0000000000 1.0000000000 0
11.0524359262 9.5235696262 8.8321058132 0.0000000000 0.0000000000 0.0000000000 1.0000000000 1.0000000000 1.0000000000 0
9.4922477137 0.4561219696 10.0848384950 0.0000000000 0.0000000000 0.0000000000 1.0000000000 1.0000000000 1.0000000000 0
7.1627987841 2.3733862322 10.0897833880 0.0000000000 0.0000000000 0.0000000000 1.0000000000 1.0000000000 1.0000000000 0
2.8624233405 0.5319856825 9.5322043899 0.0000000000 0.0000000000 0.0000000000 1.0000000000 1.0000000000 1.0000000000 0
1.2815478431 3.3237001955 11.3985538950 0.0000000000 0.0000000000 0.0000000000 1.0000000000 1.0000000000 1.0000000000 0
7.0554445388 8.4260189475 19.2827198423 0.0000000000 0.0000000000 0.0000000000 1.0000000000 1.0000000000 1.0000000000 0
2.8211027754 2.2024725632 13.6124858124 0.0000000000 0.0000000000 0.0000000000 1.0000000000 1.0000000000 1.0000000000 0
11.0249690268 9.1522872271 5.3910691140 0.0000000000 0.0000000000 0.0000000000 1.0000000000 1.0000000000 1.0000000000 0
0.4752512980 8.7504317348 8.5919894113 0.0000000000 0.0000000000 0.0000000000 1.0000000000 1.0000000000 1.0000000000 0
1.3806178573 8.7194573691 9.1849741342 0.0000000000 0.0000000000 0.0000000000 1.0000000000 1.0000000000 1.0000000000 0
2.8741418799 10.6934236406 3.9687467614 0.0000000000 0.0000000000 0.0000000000 1.0000000000 1.0000000000 1.0000000000 0
8.8544563545 1.1932870868 1.0127627709 0.0000000000 0.0000000000 0.0000000000 1.0000000000 1.0000000000 1.0000000000 0
5.7218493796 2.8647527716 2.7943864661 0.0000000000 0.0000000000 0.0000000000 1.0000000000 1.0000000000 1.0000000000 0
5.7098358269 10.4186200148 11.9154308738 0.0000000000 0.0000000000 0.0000000000 1.0000000000 1.0000000000 1.0000000000 0
7.0085686788 1.7600190542 17.9590104329 0.0000000000 0.0000000000 0.0000000000 1.0000000000 1.0000000000 1.0000000000 0
6.9819763363 5.0628910372 6.4510239436 0.0000000000 0.0000000000 0.0000000000 1.0000000000 1.0000000000 1.0000000000 0
9.8193620331 6.9743199416 12.8023414641 0.0000000000 0.0000000000 0.0000000000 1.0000000000 1.0000000000 1.0000000000 0
8.7802008529 6.4420421066 0.1330698729 0.0000000000 0.0000000000 0.0000000000 1.0000000000 1.0000000000 1.0000000000 1
11.0629543549 4.3593786119 16.0552442491 0.0000000000 0.0000000000 0.0000000000 1.0000000000 1.0000000000 1.0000000000 0
2.5576974458 6.1655550108 1.6302811844 0.0000000000 0.0000000000 0.0000000000 1.0000000000 1.0000000000 1.0000000000 0
7.8187209781 6.2351966036 11.8420392728 0.0000000000 0.0000000000 0.0000000000 1.0000000000 1.0000000000 1.0000000000 0
6.2910397950 2.5152486065 19.9759973457 0.0000000000 0.0000000000 0.0000000000 1.0000000000 1.0000000000 1.0000000000 1
5.2567940127 7.8421944241 1.3821099694 0.0000000000 0.0000000000 0.0000000000 1.0000000000 1.0000000000 1.0000000000 0
5.3139600651 11.2284459331 10.4095135473 0.0000000000 0.0000000000 0.0000000000 1.0000000000 1.0000000000 1.0000000000 0
9.2812683354 9.8981407294 13.0590688011 0.0000000000 0.0000000000 0.0000000000 1.0000000000 1.0000000000 1.0000000000 0
8.6526568506 2.6533101085 11.3461982536 0.0000000000 0.0000000000 0.0000000000 1.0000000000 1.0000000000 1.0000000000 0
10.0166108746 2.1097542129 11.3580695783 0.0000000000 0.0000000000 0.0000000000 1.0000000000 1.0000000000 1.0000000000 0
4.7186408100 4.2178456269 4.0984019835 0.0000000000 0.0000000000 0.0000000000 1.0000000000 1.0000000000 1.0000000000 0
9.5958843379 4.6052587878 3.7816625332 0.0000000000 0.0000000000 0.0000000000 1.0000000000 1.0000000000 1.0000000000 0
9.6384720382 4.3663988995 1.7875094883 0.0000000000 0.0000000000 0.0000000000 1.0000000000 1.0000000000 1.0000000000 0
4.9395067274 8.9551799215 13.1359905394 0.0000000000 0.0000000000 0.0000000000 1.0000000000 1.0000000000 1.0000000000 0
2.9724294737 10.4513427044 12.4827595013 0.0000000000 0.0000000000 0.0000000000 1.0000000000 1.0000000000 1.0000000000 0
4.9353904180 10.6974450221 9.4107687726 0.0000000000 0.0000000000 0.0000000000 1.0000000000 1.0000000000 1.0000000000 0
2.1318071845 1.1205927682 0.8034540115 0.0000000000 0.0000000000 0.0000000000 1.0000000000 1.0000000000 1.0000000000 0
9.1473763395 7.3015366320 3.1946985334 0.0000000000 0.0000000000 0.0000000000 1.0000000000 1.0000000000 1.0000000000 0
9.2148479428 5.3084065440 1.4631069773 0.0000000000 0.0000000000 0.0000000000 1.0000000000 1.0000000000 1.0000000000 0
4.0836817544 7.1348179994 2.4121173484 0.0000000000 0.0000000000 0.0000000000 1.0000000000 1.0000000000 1.0000000000 0
1.7117273770 4.6994215890 2.4783356271 0.0000000000 0.0000000000 0.0000000000 1.0000000000 1.0000000000 1.0000000000 0
4.5589147378 5.3566088700 4.4975114392 0.0000000000 0.0000000000 0.0000000000 1.0000000000 1.0000000000 1.0000000000 0
4.7335318109 1.0666506672 11.5926009225 0.0000000000 0.0000000000 0.0000000000 1.0000000000 1.0000000000 1.0000000000 0
5.2521292578 1.0040621155 1.2392921897 0.0000000000 0.0000000000 0.0000000000 1.0000000000 1.0000000000 1.0000000000 0
11.1090118840 3.8370818462 10.2037816874 0.0000000000 0.0000000000 0.0000000000 1.0000000000 1.0000000000 1.0000000000 0
3.6662315770 3.0554984068 1.0492666051 0.0000000000 0.0000000000 0.0000000000 1.0000000000 1.0000000000 1.0000000000 0
3.4756784910 7.4442380735 4.6737091158 0.0000000000 0.0000000000 0.0000000000 1.0000000000 1.0000000000 1.0000000000 1
4.5963265090 6.2127762097 10.1442890154 0.0000000000 0.0000000000 0.0000000000 1.0000000000 1.0000000000 1.0000000000 0
1.6603698167 1.0083738805 2.0451775399 0.0000000000 0.0000000000 0.0000000000 1.0000000000 1.0000000000 1.0000000000 0
8.5888517996 3.3806439330 5.0727032606 0.0000000000 0.0000000000 0.0000000000 1.0000000000 1.0000000000 1.0000000000 0
9.4940078034 10.0658055496 1.5678567039 0.0000000000 0.0000000000 0.0000000000 1.0000000000 1.0000000000 1.0000000000 0
5.0397149277 0.0595311929 11.3891547651 0.0000000000 0.0000000000 0.0000000000 1.0000000000 1.0000000000 1.0000000000 0
9.8470720910 9.6101627074 4.1451804205 0.0000000000 0.0000000000 0.0000000000 1.0000000000 1.0000000000 1.0000000000 1
9.1185835524 9.5887721871 2.9137840666 0.0000000000 0.0000000000 0.0000000000 1.0000000000 1.0000000000 1.0000000000 0
0.8350826800 3.4480598099 2.7830133715 0.0000000000 0.0000000000 0.0000000000 1.0000000000 1.0000000000 1.0000000000 0
10.8283321550 6.5637434180 2.6846130375 0.0000000000 0.0000000000 0.0000000000 1.0000000000 1.0000000000 1.0000000000 0
0.7686662639 4.5083157966 12.0122018558 0.0000000000 0.0000000000 0.0000000000 1.0000000000 1.0000000000 1.0000000000 0
6.9393067711 9.0821330986 2.7666889992 0.0000000000 0.0000000000 0.0000000000 1.0000000000 1.0000000000 1.0000000000 0
7.3636181256 5.8125767180 9.8082646305 0.0000000000 0.0000000000 0.0000000000 1.0000000000 1.0000000000 1.0000000000 0
3.0932465625 2.8921273793 8.1037348902 0.0000000000 0.0000000000 0.0000000000 1.0000000000 1.0000000000 1.0000000000 1
3.2656691835 4.2911441744 18.7736302329 0.0000000000 0.0000000000 0.0000000000 1.0000000000 1.0000000000 1.0000000000 0
9.4506674293 0.3100199059 14.6029404141 0.0000000000 0.0000000000 0.0000000000 1.0000000000 1.0000000000 1.0000000000 0
3.6292129897 0.0526918320 13.0434084514 0.0000000000 0.0000000000 0.0000000000 1.0000000000 1.0000000000 1.0000000000 0
2.0540916368 0.2417049893 8.9721968267 0.0000000000 0.0000000000 0.0000000000 1.0000000000 1.0000000000 1.0000000000 0
2.5142649185 2.8890055675 15.9335770617 0.0000000000 0.0000000000 0.0000000000 1.0000000000 1.0000000000 1.0000000000 1
1.1622541318 3.6192628952 9.3397233242 0.0000000000 0.0000000000 0.0000000000 1.0000000000 1.0000000000 1.0000000000 0
9.9338398871 4.3139811639 15.6302736076 0.0000000000 0.0000000000 0.0000000000 1.0000000000 1.0000000000 1.0000000000 1
4.3002595880 2.1043720775 5.2385747175 0.0000000000 0.0000000000 0.0000000000 1.0000000000 1.0000000000 1.0000000000 0
10.2216904535 6.1392421015 3.3996968953 0.0000000000 0.0000000000 0.0000000000 1.0000000000 1.0000000000 1.0000000000 0
1.8982738677 1.9961668240 16.3435953169 0.0000000000 0.0000000000 0.0000000000 1.0000000000 1.0000000000 1.0000000000 0
7.4081347261 7.8067157140 8.9067316129 0.0000000000 0.0000000000 0.0000000000 1.0000000000 1.0000000000 1.0000000000 0
9.2648817875 0.5553708577 12.4302261361 0.0000000000 0.0000000000 0.0000000000 1.0000000000 1.0000000000 1.0000000000 0
4.6847210269 8.3280896187 11.5016055493 0.0000000000 0.0000000000 0.0000000000 1.0000000000 1.0000000000 1.0000000000 0
3.1957537971 0.7861289261 4.1553692500 0.0000000000 0.0000000000 0.0000000000 1.0000000000 1.0000000000 1.0000000000 0
10.3515816549 6.4963192171 11.7817872424 0.0000000000 0.0000000000 0.0000000000 1.0000000000 1.0000000000 1.0000000000 0
4.1290163396 4.7978998452 10.6214500032 0.0000000000 0.0000000000 0.0000000000 1.0000000000 1.0000000000 1.0000000000 0
10.4936744540 8.1429984989 1.6857970715 0.0000000000 0.0000000000 0.0000000000 1.0000000000 1.0000000000 1.0000000000 0
7.9224268234 10.8160488832 1.8409075308 0.0000000000 0.0000000000 0.0000000000 1.0000000000 1.0000000000 1.0000000000 0
5.8740759375 3.8340536682 4.6923354570 0.0000000000 0.0000000000 0.0000000000 1.0000000000 1.0000000000 1.0000000000 0
1.4300607124 2.5506641288 2.5808359489 0.0000000000 0.0000000000 0.0000000000 1.0000000000 1.0000000000 1.0000000000 0
10.0387519560 9.1948588144 5.1736267997 0.0000000000 0.0000000000 0.0000000000 1.0000000000 1.0000000000 1.0000000000 0
4.1593786736 10.8544625098 10.9830583842 0.0000000000 0.0000000000 0.0000000000 1.0000000000 1.0000000000 1.0000000000 0
2.5546438643 8.4023458549 11.2247660792 0.0000000000 0.0000000000 0.0000000000 1.0000000000 1.0000000000 1.0000000000 0
4.7565623255 3.5664602335 5.2465402203 0.0000000000 0.0000000000 0.0000000000 1.0000000000 1.0000000000 1.0000000000 0
4.0894508133 3.0641990572 4.6680450952 0.0000000000 0.0000000000 0.0000000000 1.0000000000 1.0000000000 1.0000000000 0
9.8902714931 3.3269148328 1.4923483206 0.0000000000 0.0000000000 0.0000000000 1.0000000000 1.0000000000 1.0000000000 0
8.6019505428 6.2486170458 15.8828714366 0.0000000000 0.0000000000 0.0000000000 1.0000000000 1.0000000000 1.0000000000 0
0.1720369276 2.6943057036 9.7729732939 0.0000000000 0.0000000000 0.0000000000 1.0000000000 1.0000000000 1.0000000000 0
9.8018184132 10.7730393734 16.3766441114 0.0000000000 0.0000000000 0.0000000000 1.0000000000 1.0000000000 1.0000000000 0
7.3491533151 4.0724766253 8.4715398733 0.0000000000 0.0000000000 0.0000000000 1.0000000000 1.0000000000 1.0000000000 0
7.3419312209 9.3152834072 11.3697723133 0.0000000000 0.0000000000 0.0000000000 1.0000000000 1.0000000000 1.0000000000 0
7.6062041043 4.8972319753 9.2870261400 0.0000000000 0.0000000000 0.0000000000 1.0000000000 1.0000000000 1.0000000000 0
10.6195377760 4.6453903306 2.2619349723 0.0000000000 0.0000000000 0.0000000000 1.0000000000 1.0000000000 1.0000000000 0
1.2850736499 0.6794858704 3.7104034685 0.0000000000 0.0000000000 0.0000000000 1.0000000000 1.0000000000 1.0000000000 0
0.8623770297 8.5377470787 7.6155281806 0.0000000000 0.0000000000 0.0000000000 1.0000000000 1.0000000000 1.0000000000 0
2.2738076786 7.3158228180 10.2380152189 0.0000000000 0.0000000000 0.0000000000 1.0000000000 1.0000000000 1.0000000000 0
8.6583445608 10.1514031054 12.0047112200 0.0000000000 0.0000000000 0.0000000000 1.0000000000 1.0000000000 1.0000000000 0
11.1587065230 7.2996035240 10.0234866599 0.0000000000 0.0000000000 0.0000000000 1.0000000000 1.0000000000 1.0000000000 0
9.9836928023 5.3604078000 18.4136543653 0.0000000000 0.0000000000 0.0000000000 1.0000000000 1.0000000000 1.0000000000 0
8.0475743797 10.5751689417 0.6373008704 0.0000000000 0.0000000000 0.0000000000 1.0000000000 1.0000000000 1.0000000000 1
11.1286713903 10.2307305375 2.3224091028 0.0000000000 0.0000000000 0.0000000000 1.0000000000 1.0000000000 1.0000000000 0
8.2765765519 3.9822894191 4.2098401778 0.0000000000 0.0000000000 0.0000000000 1.0000000000 1.0000000000 1.0000000000 0
8.4731797820 9.7844572074 10.4762429080 0.0000000000 0.0000000000 0.0000000000 1.0000000000 1.0000000000 1.0000000000 0
6.1903813927 5.6057696857 3.5498181908 0.0000000000 0.0000000000 0.0000000000 1.0000000000 1.0000000000 1.0000000000 0
10.4003981457 2.2234615727 6.8162190748 0.0000000000 0.0000000000 0.0000000000 1.0000000000 1.0000000000 1.0000000000 0
6.4025194602 9.8075740905 0.5026689568 0.0000000000 0.0000000000 0.0000000000 1.0000000000 1.0000000000 1.0000000000 0
4.1423913875 3.2751715651 13.4826208095 0.0000000000 0.0000000000 0.0000000000 1.0000000000 1.0000000000 1.0000000000 0
4.8970449842 4.6818105262 5.3265521751 0.0000000000 0.0000000000 0.0000000000 1.0000000000 1.0000000000 1.0000000000 0
2.7338701423 7.3162704781 11.3180664157 0.0000000000 0.0000000000 0.0000000000 1.0000000000 1.0000000000 1.0000000000 0
6.3310211454 3.7970979401 13.0597185366 0.0000000000 0.0000000000 0.0000000000 1.0000000000 1.0000000000 1.0000000000 0
8.8131537168 2.2558487878 8.6887289707 0.0000000000 0.0000000000 0.0000000000 1.0000000000 1.0000000000 1.0000000000 0
9.9702868690 9.5396975230 10.0477900811 0.0000000000 0.0000000000 0.0000000000 1.0000000000 1.0000000000 1.0000000000 0
7.1907745311 8.3871659252 3.5597581228 0.0000000000 0.0000000000 0.0000000000 1.0000000000 1.0000000000 1.0000000000 0
8.3304189402 1.9556946466 16.0264792749 0.0000000000 0.0000000000 0.0000000000 1.0000000000 1.0000000000 1.0000000000 0
10.1483483220 4.9714706740 1.1277845138 0.0000000000 0.0000000000 0.0000000000 1.0000000000 1.0000000000 1.0000000000 0
4.8768040899 4.0470800144 1.6509741320 0.0000000000 0.0000000000 0.0000000000 1.0000000000 1.0000000000 1.0000000000 0
4.9335190967 3.6468724562 10.3740294490 0.0000000000 0.0000000000 0.0000000000 1.0000000000 1.0000000000 1.0000000000 0
4.1268652895 9.5516472821 10.7559018224 0.0000000000 0.0000000000 0.0000000000 1.0000000000 1.0000000000 1.0000000000 0
0.4760969508 6.3398242220 9.5432590795 0.0000000000 0.0000000000 0.0000000000 1.0000000000 1.0000000000 1.0000000000 0
1.3037021285 10.9901285781 2.1981304076 0.0000000000 0.0000000000 0.0000000000 1.0000000000 1.0000000000 1.0000000000 0
8.4265040929 5.1093798279 9.6943637570 0.0000000000 0.0000000000 0.0000000000 1.0000000000 1.0000000000 1.0000000000 0
10.4173516590 0.7832302217 6.3237047601 0.0000000000 0.0000000000 0.0000000000 1.0000000000 1.0000000000 1.0000000000 0
6.1141017890 6.0558076175 2.2572063898 0.0000000000 0.0000000000 0.0000000000 1.0000000000 1.0000000000 1.0000000000 0
8.0110278586 8.2093981235 11.2720263144 0.0000000000 0.0000000000 0.0000000000 1.0000000000 1.0000000000 1.0000000000 0
6.6388459221 7.6573789567 2.7785229096 0.0000000000 0.0000000000 0.0000000000 1.0000000000 1.0000000000 1.0000000000 0
2.6347626760 2.4723074244 5.0293414690 0.0000000000 0.0000000000 0.0000000000 1.0000000000 1.0000000000 1.0000000000 0
7.4406322149 5.4939207634 3.7735049648 0.0000000000 0.0000000000 0.0000000000 1.0000000000 1.0000000000 1.0000000000 0
8.0889341868 6.1279596759 9.1213628067 0.0000000000 0.0000000000 0.0000000000 1.0000000000 1.0000000000 1.0000000000 0
2.1363960566 10.4548828597 11.1855028348 0.0000000000 0.0000000000 0.0000000000 1.0000000000 1.0000000000 1.0000000000 0
6.6884752448 3.2957910686 3.9697864738 0.0000000000 0.0000000000 0.0000000000 1.0000000000 1.0000000000 1.0000000000 0
3.9462585442 0.2658483484 11.7043062336 0.0000000000 0.0000000000 0.0000000000 1.0000000000 1.0000000000 1.0000000000 0
10.2667862484 11.2322841118 1.8770932385 0.0000000000 0.0000000000 0.0000000000 1.0000000000 1.0000000000 1.0000000000 0
10.0363691183 6.9926493368 10.3957801977 0.0000000000 0.0000000000 0.0000000000 1.0000000000 1.0000000000 1.0000000000 0
5.7983217691 3.5743456701 1.0621316420 0.0000000000 0.0000000000 0.0000000000 1.0000000000 1.0000000000 1.0000000000 0
7.8194557387 10.4045735262 9.3866738754 0.0000000000 0.0000000000 0.0000000000 1.0000000000 1.0000000000 1.0000000000 0
10.8391807357 7.6674687270 4.7177766273 0.0000000000 0.0000000000 0.0000000000 1.0000000000 1.0000000000 1.0000000000 0
2.4389111362 8.1759357040 1.6780554831 0.0000000000 0.0000000000 0.0000000000 1.0000000000 1.0000000000 1.0000000000 0
5.8104355255 4.2092726504 2.0367529679 0.0000000000 0.0000000000 0.0000000000 1.0000000000 1.0000000000 1.0000000000 0
10.9552897685 8.0607571406 19.0784170425 0.0000000000 0.0000000000 0.0000000000 1.0000000000 1.0000000000 1.0000000000 1
8.4587011103 1.1565186636 14.8761107285 0.0000000000 0.0000000000 0.0000000000 1.0000000000 1.0000000000 1.0000000000 0
8.3648760719 8.6358444569 3.0732181325 0.0000000000 0.0000000000 0.0000000000 1.0000000000 1.0000000000 1.0000000000 0
0.6846706332 10.8137602251 3.4619953973 0.0000000000 0.0000000000 0.0000000000 1.0000000000 1.0000000000 1.0000000000 0
10.9968569150 1.8851750262 4.1907750564 0.0000000000 0.0000000000 0.0000000000 1.0000000000 1.0000000000 1.0000000000 0
5.6567888527 6.2510344484 12.5924299514 0.0000000000 0.0000000000 0.0000000000 1.0000000000 1.0000000000 1.0000000000 0
5.3103602828 9.8799837596 2.4800880648 0.0000000000 0.0000000000 0.0000000000 1.0000000000 1.0000000000 1.0000000000 0
2.6010540951 11.2118937815 5.2392450794 0.0000000000 0.0000000000 0.0000000000 1.0000000000 1.0000000000 1.0000000000 0
4.9516932464 5.7435288964 6.0046993098 0.0000000000 0.0000000000 0.0000000000 1.0000000000 1.0000000000 1.0000000000 0
9.5903772956 10.1595621330 14.4694432312 0.0000000000 0.0000000000 0.0000000000 1.0000000000 1.0000000000 1.0000000000 0
4.8613047443 5.4444366826 1.4509802442 0.0000000000 0.0000000000 0.0000000000 1.0000000000 1.0000000000 1.0000000000 0
4.2621569435 0.4868754873 17.2476199088 0.0000000000 0.0000000000 0.0000000000 1.0000000000 1.0000000000 1.0000000000 0
6.4682223833 6.7477194877 10.1874195426 0.0000000000 0.0000000000 0.0000000000 1.0000000000 1.0000000000 1.0000000000 0
4.1622277515 6.6306993220 3.2049452180 0.0000000000 0.0000000000 0.0000000000 1.0000000000 1.0000000000 1.0000000000 0
6.4603995156 6.6796726452 11.3383901112 0.0000000000 0.0000000000 0.0000000000 1.0000000000 1.0000000000 1.0000000000 0
7.4606714559 3.9182864893 11.7190205204 0.0000000000 0.0000000000 0.0000000000 1.0000000000 1.0000000000 1.0000000000 0
4.9730099571 5.3613105267 11.3098088124 0.0000000000 0.0000000000 0.0000000000 1.0000000000 1.0000000000 1.0000000000 0
2.4574338797 2.3700647354 10.7189112633 0.0000000000 0.0000000000 0.0000000000 1.0000000000 1.0000000000 1.0000000000 0
0.6339118321 8.6719696333 19.4898014656 0.0000000000 0.0000000000 0.0000000000 1.0000000000 1.0000000000 1.0000000000 1
9.7903897279 11.2107979524 7.0196099304 0.0000000000 0.0000000000 0.0000000000 1.0000000000 1.0000000000 1.0000000000 0
9.2288612277 7.8024340054 12.5190717616 0.0000000000 0.0000000000 0.0000000000 1.0000000000 1.0000000000 1.0000000000 0
2.1621944391 8.5591560635 12.8057819782 0.0000000000 0.0000000000 0.0000000000 1.0000000000 1.0000000000 1.0000000000 0
8.0558149114 5.1501209855 10.6389307876 0.0000000000 0.0000000000 0.0000000000 1.0000000000 1.0000000000 1.0000000000 0
0.1933852546 5.4187305985 9.9219558291 0.0000000000 0.0000000000 0.0000000000 1.0000000000 1.0000000000 1.0000000000 0
0.5863020810 6.5725791143 10.8475714398 0.0000000000 0.0000000000 0.0000000000 1.0000000000 1.0000000000 1.0000000000 0
7.6333516000 6.2559931398 10.6746063198 0.0000000000 0.0000000000 0.0000000000 1.0000000000 1.0000000000 1.0000000000 0
8.4754960772 8.3781759305 15.6949107401 0.0000000000 0.0000000000 0.0000000000 1.0000000000 1.0000000000 1.0000000000 1
6.0505744290 10.5187957006 10.4263485010 0.0000000000 0.0000000000 0.0000000000 1.0000000000 1.0000000000 1.0000000000 0
8.9140937381 0.5656646764 2.7045066436 0.0000000000 0.0000000000 0.0000000000 1.0000000000 1.0000000000 1.0000000000 0
2.9449753501 7.1984651208 2.3740156629 0.0000000000 0.0000000000 0.0000000000 1.0000000000 1.0000000000 1.0000000000 0
5.6520958973 7.1741735110 9.7429691442 0.0000000000 0.0000000000 0.0000000000 1.0000000000 1.0000000000 1.0000000000 0
8.0973403680 4.9938313610 17.2615452741 0.0000000000 0.0000000000 0.0000000000 1.0000000000 1.0000000000 1.0000000000 0
9.1850707785 10.3446501467 9.8164473245 0.0000000000 0.0000000000 0.0000000000 1.0000000000 1.0000000000 1.0000000000 0
8.4378970981 2.8869993835 1.1135907255 0.0000000000 0.0000000000 0.0000000000 1.0000000000 1.0000000000 1.0000000000 0
6.4784648950 2.2508092504 5.1685517213 0.0000000000 0.0000000000 0.0000000000 1.0000000000 1.0000000000 1.0000000000 0
10.5602465914 10.5671803894 9.4172297443 0.0000000000 0.0000000000 0.0000000000 1.0000000000 1.0000000000 1.0000000000 0
3.9919322315 3.7689015056 2.3541743794 0.0000000000 0.0000000000 0.0000000000 1.0000000000 1.0000000000 1.0000000000 0
10.3818981700 10.1529047034 3.2991173832 0.0000000000 0.0000000000 0.0000000000 1.0000000000 1.0000000000 1.0000000000 0
10.5936986311 1.9578900842 10.2307797222 0.0000000000 0.0000000000 0.0000000000 1.0000000000 1.0000000000 1.0000000000 0
8.7087179340 3.9859873906 1.5164407038 0.0000000000 0.0000000000 0.0000000000 1.0000000000 1.0000000000 1.0000000000 0
10.9078583921 9.0891145103 11.3437709452 0.0000000000 0.0000000000 0.0000000000 1.0000000000 1.0000000000 1.0000000000 0
1.7855102936 5.0539773143 12.3429596835 0.0000000000 0.0000000000 0.0000000000 1.0000000000 1.0000000000 1.0000000000 0
1.5078752619 5.3025859824 1.6662305124 0.0000000000 0.0000000000 0.0000000000 1.0000000000 1.0000000000 1.0000000000 0
6.5549932524 7.8516658563 1.3478529782 0.0000000000 0.0000000000 0.0000000000 1.0000000000 1.0000000000 1.0000000000 0
6.0188632003 11.1251327605 1.0310469631 0.0000000000 0.0000000000 0.0000000000 1.0000000000 1.0000000000 1.0000000000 0
9.5402188224 3.1124102901 5.4426177762 0.0000000000 0.0000000000 0.0000000000 1.0000000000 1.0000000000 1.0000000000 0
8.7897697292 5.1770851254 15.5098714488 0.0000000000 0.0000000000 0.0000000000 1.0000000000 1.0000000000 1.0000000000 0
7.7462254328 11.1409711811 12.0762430520 0.0000000000 0.0000000000 0.0000000000 1.0000000000 1.0000000000 1.0000000000 0
6.8363731154 3.2896453070 0.6949739783 0.0000000000 0.0000000000 0.0000000000 1.0000000000 1.0000000000 1.0000000000 1
2.5473085032 1.4251732033 9.0558099286 0.0000000000 0.0000000000 0.0000000000 1.0000000000 1.0000000000 1.0000000000 0
10.4366847872 0.3628329283 9.5468379053 0.0000000000 0.0000000000 0.0000000000 1.0000000000 1.0000000000 1.0000000000 0
10.9819910260 8.2005489978 10.5373503189 0.0000000000 0.0000000000 0.0000000000 1.0000000000 1.0000000000 1.0000000000 0
6.6835443088 9.3090055084 4.6099791330 0.0000000000 0.0000000000 0.0000000000 1.0000000000 1.0000000000 1.0000000000 0
0.3084121454 8.4444009107 9.5149164763 0.0000000000 0.0000000000 0.0000000000 1.0000000000 1.0000000000 1.0000000000 0
5.5300856062 6.3868123140 1.4346952674 0.0000000000 0.0000000000 0.0000000000 1.0000000000 1.0000000000 1.0000000000 0
0.6212454182 9.8150919870 2.7798023016 0.0000000000 0.0000000000 0.0000000000 1.0000000000 1.0000000000 1.0000000000 0
0.9383927121 5.5747929041 11.6235558327 0.0000000000 0.0000000000 0.0000000000 1.0000000000 1.0000000000 1.0000000000 0
5.8483405061 10.4194161792 16.6358150333 0.0000000000 0.0000000000 0.0000000000 1.0000000000 1.0000000000 1.0000000000 0
8.0796208323 9.4217971241 9.5592737265 0.0000000000 0.0000000000 0.0000000000 1.0000000000 1.0000000000 1.0000000000 0
2.5678572185 7.6929460628 3.5085764591 0.0000000000 0.0000000000 0.0000000000 1.0000000000 1.0000000000 1.0000000000 0
3.6303221715 7.5293361875 0.8942413110 0.0000000000 0.0000000000 0.0000000000 1.0000000000 1.0000000000 1.0000000000 1
6.5841409609 9.7916408906 3.6955688569 0.0000000000 0.0000000000 0.0000000000 1.0000000000 1.0000000000 1.0000000000 0
1.8444953034 9.6010488962 10.2909481693 0.0000000000 0.0000000000 0.0000000000 1.0000000000 1.0000000000 1.0000000000 0
0.7499561056 3.3560568199 10.3997167157 0.0000000000 0.0000000000 0.0000000000 1.0000000000 1.0000000000 1.0000000000 0
4.5948311781 10.2913165422 1.8056182584 0.0000000000 0.0000000000 0.0000000000 1.0000000000 1.0000000000 1.0000000000 0
4.0894313152 6.1311456426 16.5183688677 0.0000000000 0.0000000000 0.0000000000 1.0000000000 1.0000000000 1.0000000000 0
10.5937069366 8.7262456740 14.3587967749 0.0000000000 0.0000000000 0.0000000000 1.0000000000 1.0000000000 1.0000000000 1
4.0130680428 10.7494172650 9.9290154404 0.0000000000 0.0000000000 0.0000000000 1.0000000000 1.0000000000 1.0000000000 0
3.4841327535 11.0331876045 17.3804659224 0.0000000000 0.0000000000 0.0000000000 1.0000000000 1.0000000000 1.0000000000 1
6.0256043665 2.8844758112 10.0810994172 0.0000000000 0.0000000000 0.0000000000 1.0000000000 1.0000000000 1.0000000000 0
6.0992100033 2.4892402252 1.1234064218 0.0000000000 0.0000000000 0.0000000000 1.0000000000 1.0000000000 1.0000000000 0
3.1580558419 8.8898919095 4.3860329918 0.0000000000 0.0000000000 0.0000000000 1.0000000000 1.0000000000 1.0000000000 0
2.0239788341 0.2421549010 4.3601579920 0.0000000000 0.0000000000 0.0000000000 1.0000000000 1.0000000000 1.0000000000 0
5.0853565077 1.8259573496 4.0517936566 0.0000000000 0.0000000000 0.0000000000 1.0000000000 1.0000000000 1.0000000000 0
7.2677075616 0.0036045599 11.1117274349 0.0000000000 0.0000000000 0.0000000000 1.0000000000 1.0000000000 1.0000000000 0
7.7509664026 2.9728391870 11.9453184153 0.0000000000 0.0000000000 0.0000000000 1.0000000000 1.0000000000 1.0000000000 0
6.9758285453 4.8672847121 10.1948389300 0.0000000000 0.0000000000 0.0000000000 1.0000000000 1.0000000000 1.0000000000 0
4.3423337873 3.2195115653 3.2931455429 0.0000000000 0.0000000000 0.0000000000 1.0000000000 1.0000000000 1.0000000000 0
5.5959553789 9.2637112302 19.4967295595 0.0000000000 0.0000000000 0.0000000000 1.0000000000 1.0000000000 1.0000000000 1
5.0465081768 2.2481646668 2.4537766144 0.0000000000 0.0000000000 0.0000000000 1.0000000000 1.0000000000 1.0000000000 0
10.3326195923 6.8776895223 5.2570282592 0.0000000000 0.0000000000 0.0000000000 1.0000000000 1.0000000000 1.0000000000 1
11.1272529891 8.9908603479 3.3879528550 0.0000000000 0.0000000000 0.0000000000 1.0000000000 1.0000000000 1.0000000000 0
6.2983746678 4.7315845188 11.3158370538 0.0000000000 0.0000000000 0.0000000000 1.0000000000 1.0000000000 1.0000000000 0
9.6630345076 1.4619975857 10.4252186146 0.0000000000 0.0000000000 0.0000000000 1.0000000000 1.0000000000 1.0000000000 0
8.2368865433 3.6638675241 2.3683977728 0.0000000000 0.0000000000 0.0000000000 1.0000000000 1.0000000000 1.0000000000 0
9.1834917074 1.2999527807 4.1951656540 0.0000000000 0.0000000000 0.0000000000 1.0000000000 1.0000000000 1.0000000000 0
7.8995590012 3.0513459577 10.7695115092 0.0000000000 0.0000000000 0.0000000000 1.0000000000 1.0000000000 1.0000000000 0
8.0961906011 1.9645404094 18.3504235333 0.0000000000 0.0000000000 0.0000000000 1.0000000000 1.0000000000 1.0000000000 0
11.1622992483 2.6127657814 4.8636290391 0.0000000000 0.0000000000 0.0000000000 1.0000000000 1.0000000000 1.0000000000 0
9.9442127071 5.3924560456 11.2602466943 0.0000000000 0.0000000000 0.0000000000 1.0000000000 1.0000000000 1.0000000000 0
6.7660142006 9.5382649658 19.4471629106 0.0000000000 0.0000000000 0.0000000000 1.0000000000 1.0000000000 1.0000000000 0
6.1193697123 10.5471342919 4.0887707131 0.0000000000 0.0000000000 0.0000000000 1.0000000000 1.0000000000 1.0000000000 0
6.3581006605 5.6215073492 10.8088450417 0.0000000000 0.0000000000 0.0000000000 1.0000000000 1.0000000000 1.0000000000 0
5.5392484024 1.0408979699 10.1888181699 0.0000000000 0.0000000000 0.0000000000 1.0000000000 1.0000000000 1.0000000000 0
3.8168375367 4.6307233694 1.1936663523 0.0000000000 0.0000000000 0.0000000000 1.0000000000 1.0000000000 1.0000000000 0
2.1943762845 1.7561008396 10.0152338147 0.0000000000 0.0000000000 0.0000000000 1.0000000000 1.0000000000 1.0000000000 0
0.0591887557 8.6226052025 4.3578988456 0.0000000000 0.0000000000 0.0000000000 1.0000000000 1.0000000000 1.0000000000 0
7.6817092675 2.6543452804 16.8275018648 0.0000000000 0.0000000000 0.0000000000 1.0000000000 1.0000000000 1.0000000000 0
4.1972005333 5.8116810075 2.3278555349 0.0000000000 0.0000000000 0.0000000000 1.0000000000 1.0000000000 1.0000000000 0
5.7981600994 8.4630449457 12.2518068069 0.0000000000 0.0000000000 0.0000000000 1.0000000000 1.0000000000 1.0000000000 0
7.2821236327 3.9560663716 4.4380458213 0.0000000000 0.0000000000 0.0000000000 1.0000000000 1.0000000000 1.0000000000 0
10.9038385399 3.8344506298 2.9120834450 0.0000000000 0.0000000000 0.0000000000 1.0000000000 1.0000000000 1.0000000000 0
2.3342951440 9.3961275045 11.0957472923 0.0000000000 0.0000000000 0.0000000000 1.0000000000 1.0000000000 1.0000000000 0
8.3866707129 7.6086839141 4.3806863529 0.0000000000 0.0000000000 0.0000000000 1.0000000000 1.0000000000 1.0000000000 0
10.8816196709 2.8258370251 3.8987592647 0.0000000000 0.0000000000 0.0000000000 1.0000000000 1.0000000000 1.0000000000 0
2.0643838312 2.1911517058 7.1657860894 0.0000000000 0.0000000000 0.0000000000 1.0000000000 1.0000000000 1.0000000000 0
0.1812466649 1.5663731679 1.9777242663 0.0000000000 0.0000000000 0.0000000000 1.0000000000 1.0000000000 1.0000000000 0
1.0351162492 10.6230152430 10.5393020727 0.0000000000 0.0000000000 0.0000000000 1.0000000000 1.0000000000 1.0000000000 0
8.3744484092 4.3572730679 9.0177689769 0.0000000000 0.0000000000 0.0000000000 1.0000000000 1.0000000000 1.0000000000 0
4.9209307471 4.5604082693 12.0609539152 0.0000000000 0.0000000000 0.0000000000 1.0000000000 1.0000000000 1.0000000000 0
2.1809821575 6.6975801142 19.4219238683 0.0000000000 0.0000000000 0.0000000000 1.0000000000 1.0000000000 1.0000000000 1
3.5817838940 0.3275353134 10.4876643002 0.0000000000 0.0000000000 0.0000000000 1.0000000000 1.0000000000 1.0000000000 0
8.9210849773 0.0356429255 1.1035040584 0.0000000000 0.0000000000 0.0000000000 1.0000000000 1.0000000000 1.0000000000 0
6.5192469888 6.5049219433 3.2535707004 0.0000000000 0.0000000000 0.0000000000 1.0000000000 1.0000000000 1.0000000000 0
2.5751008505 2.7781824925 11.7834120434 0.0000000000 0.0000000000 0.0000000000 1.0000000000 1.0000000000 1.0000000000 0
8.0912019404 2.0389059860 1.5737520370 0.0000000000 0.0000000000 0.0000000000 1.0000000000 1.0000000000 1.0000000000 0
9.0069324400 3.2888355423 10.5700212759 0.0000000000 0.0000000000 0.0000000000 1.0000000000 1.0000000000 1.0000000000 0
9.9166840952 1.7283340855 1.2180047855 0.0000000000 0.0000000000 0.0000000000 1.0000000000 1.0000000000 1.0000000000 0
5.5769102469 9.0221105327 10.9401268159 0.0000000000 0.0000000000 0.0000000000 1.0000000000 1.0000000000 1.0000000000 0
0.9333654963 8.6589652885 3.8904239702 0.0000000000 0.0000000000 0.0000000000 1.0000000000 1.0000000000 1.0000000000 0
2.9715484441 9.0615240413 3.0885971243 0.0000000000 0.0000000000 0.0000000000 1.0000000000 1.0000000000 1.0000000000 0
5.2401790409 3.7617632034 3.2521581134 0.0000000000 0.0000000000 0.0000000000 1.0000000000 1.0000000000 1.0000000000 0
9.9448526659 7.8943571577 9.7432572752 0.0000000000 0.0000000000 0.0000000000 1.0000000000 1.0000000000 1.0000000000 0
5.1819971813 10.9141612004 2.7769146555 0.0000000000 0.0000000000 0.0000000000 1.0000000000 1.0000000000 1.0000000000 0
1.8889287788 8.5848013954 6.9625719625 0.0000000000 0.0000000000 0.0000000000 1.0000000000 1.0000000000 1.0000000000 0
8.1532870694 1.2843827281 12.6394346655 0.0000000000 0.0000000000 0.0000000000 1.0000000000 1.0000000000 1.0000000000 0
10.7197549591 2.8439722362 11.8148085029 0.0000000000 0.0000000000 0.0000000000 1.0000000000 1.0000000000 1.0000000000 0
5.8152970822 8.2872022247 9.9836495077 0.0000000000 0.0000000000 0.0000000000 1.0000000000 1.0000000000 1.0000000000 0
3.9827603218 6.9210904642 10.7262488153 0.0000000000 0.0000000000 0.0000000000 1.0000000000 1.0000000000 1.0000000000 0
1.5529684693 1.0445460092 12.1089094661 0.0000000000 0.0000000000 0.0000000000 1.0000000000 1.0000000000 1.0000000000 0
9.1798628732 5.0907962952 8.9566309335 0.0000000000 0.0000000000 0.0000000000 1.0000000000 1.0000000000 1.0000000000 0
9.7537283107 3.1862080281 3.2617805281 0.0000000000 0.0000000000 0.0000000000 1.0000000000 1.0000000000 1.0000000000 0
10.2601802276 1.3273394208 9.3827165975 0.0000000000 0.0000000000 0.0000000000 1.0000000000 1.0000000000 1.0000000000 0
3.3991998080 8.3944546602 9.2272731399 0.0000000000 0.0000000000 0.0000000000 1.0000000000 1.0000000000 1.0000000000 0
10.5498029588 2.5720427733 9.3303731232 0.0000000000 0.0000000000 0.0000000000 1.0000000000 1.0000000000 1.0000000000 0
2.3939998580 7.5446858478 9.1907555052 0.0000000000 0.0000000000 0.0000000000 1.0000000000 1.0000000000 1.0000000000 0
9.7918367815 0.9770792968 3.2979540505 0.0000000000 0.0000000000 0.0000000000 1.0000000000 1.0000000000 1.0000000000 0
8.5650517815 10.9470908475 14.3606149561 0.0000000000 0.0000000000 0.0000000000 1.0000000000 1.0000000000 1.0000000000 0
0.0630217521 5.0417786680 4.0963629434 0.0000000000 0.0000000000 0.0000000000 1.0000000000 1.0000000000 1.0000000000 1
3.0003109816 0.8593196516 2.6950316225 0.0000000000 0.0000000000 0.0000000000 1.0000000000 1.0000000000 1.0000000000 0
0.1218304360 6.0466606098 3.5472007835 0.0000000000 0.0000000000 0.0000000000 1.0000000000 1.0000000000 1.0000000000 0
10.6258179209 2.9211880906 2.4320957006 0.0000000000 0.0000000000 0.0000000000 1.0000000000 1.0000000000 1.0000000000 0
0.5788019320 9.6503657464 11.3109667134 0.0000000000 0.0000000000 0.0000000000 1.0000000000 1.0000000000 1.0000000000 0
6.9017633668 3.6194994751 10.7525580967 0.0000000000 0.0000000000 0.0000000000 1.0000000000 1.0000000000 1.0000000000 0
10.0026271801 4.9450704054 5.3249002386 0.0000000000 0.0000000000 0.0000000000 1.0000000000 1.0000000000 1.0000000000 0
7.5645925115 7.5656948715 10.2073624236 0.0000000000 0.0000000000 0.0000000000 1.0000000000 1.0000000000 1.0000000000 0
9.3095737435 6.4510685088 11.0132327119 0.0000000000 0.0000000000 0.0000000000 1.0000000000 1.0000000000 1.0000000000 0
7.4693018957 9.1202552925 12.4275096326 0.0000000000 0.0000000000 0.0000000000 1.0000000000 1.0000000000 1.0000000000 0
9.8154795957 9.5701108202 17.4045524608 0.0000000000 0.0000000000 0.0000000000 1.0000000000 1.0000000000 1.0000000000 0
10.8965608105 2.1611618771 0.6547418653 0.0000000000 0.0000000000 0.0000000000 1.0000000000 1.0000000000 1.0000000000 0
9.6841102949 3.0655099800 11.3951595565 0.0000000000 0.0000000000 0.0000000000 1.0000000000 1.0000000000 1.0000000000 0
10.0854770105 10.6283050816 15.2859372840 0.0000000000 0.0000000000 0.0000000000 1.0000000000 1.0000000000 1.0000000000 0
3.2744818436 8.4053601160 0.1850237495 0.0000000000 0.0000000000 0.0000000000 1.0000000000 1.0000000000 1.0000000000 0
10.1958666148 7.3225815895 2.2109100524 0.0000000000 0.0000000000 0.0000000000 1.0000000000 1.0000000000 1.0000000000 0
7.0780370262 2.0453657891 3.6254087527 0.0000000000 0.0000000000 0.0000000000 1.0000000000 1.0000000000 1.0000000000 0
7.5685410582 10.5435041406 4.0571360094 0.0000000000 0.0000000000 0.0000000000 1.0000000000 1.0000000000 1.0000000000 0
1.2110126128 4.6814250445 9.6863487015 0.0000000000 0.0000000000 0.0000000000 1.0000000000 1.0000000000 1.0000000000 0
5.1187372539 1.8003898604 6.9629755280 0.0000000000 0.0000000000 0.0000000000 1.0000000000 1.0000000000 1.0000000000 0
0.4918531275 7.4933605915 11.2436232526 0.0000000000 0.0000000000 0.0000000000 1.0000000000 1.0000000000 1.0000000000 0
9.9347621063 1.0924125286 11.3950856966 0.0000000000 0.0000000000 0.0000000000 1.0000000000 1.0000000000 1.0000000000 0
8.7413878229 1.0216822382 10.7332360659 0.0000000000 0.0000000000 0.0000000000 1.0000000000 1.0000000000 1.0000000000 0
1.9294958957 1.4866337167 10.9063334098 0.0000000000 0.0000000000 0.0000000000 1.0000000000 1.0000000000 1.0000000000 0
10.0507386980 4.6649024343 0.0363975532 0.0000000000 0.0000000000 0.0000000000 1.0000000000 1.0000000000 1.0000000000 1
10.0010549197 10.8374474369 10.3096634804 0.0000000000 0.0000000000 0.0000000000 1.0000000000 1.0000000000 1.0000000000 0
3.9524590433 5.8056385939 12.8185497283 0.0000000000 0.0000000000 0.0000000000 1.0000000000 1.0000000000 1.0000000000 0
1.3344629426 2.4209669069 10.7237757369 0.0000000000 0.0000000000 0.0000000000 1.0000000000 1.0000000000 1.0000000000 0
4.7137084878 10.7765550445 4.9483152306 0.0000000000 0.0000000000 0.0000000000 1.0000000000 1.0000000000 1.0000000000 0
6.8881394532 9.4235440772 18.4088507219 0.0000000000 0.0000000000 0.0000000000 1.0000000000 1.0000000000 1.0000000000 0
2.7349731803 5.7442733770 2.5799031359 0.0000000000 0.0000000000 0.0000000000 1.0000000000 1.0000000000 1.0000000000 0
0.3868110841 0.2120770797 11.2652046335 0.0000000000 0.0000000000 0.0000000000 1.0000000000 1.0000000000 1.0000000000 0
3.1504743526 10.6160449845 11.2439495275 0.0000000000 0.0000000000 0.0000000000 1.0000000000 1.0000000000 1.0000000000 0
10.3854352703 1.9368461352 2.5579742974 0.0000000000 0.0000000000 0.0000000000 1.0000000000 1.0000000000 1.0000000000 0
10.0638354228 5.5950781574 2.5813382463 0.0000000000 0.0000000000 0.0000000000 1.0000000000 1.0000000000 1.0000000000 0
11.0538408745 11.0055518697 10.4177930678 0.0000000000 0.0000000000 0.0000000000 1.0000000000 1.0000000000 1.0000000000 0
9.2596749752 2.4520876428 10.1252140214 0.0000000000 0.0000000000 0.0000000000 1.0000000000 1.0000000000 1.0000000000 0
5.6536603530 1.3921980318 14.7764077888 0.0000000000 0.0000000000 0.0000000000 1.0000000000 1.0000000000 1.0000000000 0
6.4939812110 1.8531936554 10.6476769324 0.0000000000 0.0000000000 0.0000000000 1.0000000000 1.0000000000 1.0000000000 0
1.7382403220 2.7837622057 4.4551202608 0.0000000000 0.0000000000 0.0000000000 1.0000000000 1.0000000000 1.0000000000 0
4.7883858295 6.4637795401 11.8675533245 0.0000000000 0.0000000000 0.0000000000 1.0000000000 1.0000000000 1.0000000000 0
3.8851925789 9.6644852971 16.2606115018 0.0000000000 0.0000000000 0.0000000000 1.0000000000 1.0000000000 1.0000000000 0
0.1925095704 3.8936057993 9.2493372072 0.0000000000 0.0000000000 0.0000000000 1.0000000000 1.0000000000 1.0000000000 0
9.4860163914 6.4615236446 1.8138606679 0.0000000000 0.0000000000 0.0000000000 1.0000000000 1.0000000000 1.0000000000 0
1.8227672853 6.4455678449 11.3079162782 0.0000000000 0.0000000000 0.0000000000 1.0000000000 1.0000000000 1.0000000000 0
6.2421205937 4.1512301668 7.5616134285 0.0000000000 0.0000000000 0.0000000000 1.0000000000 1.0000000000 1.0000000000 0
9.2423631698 4.6605214165 16.2498709790 0.0000000000 0.0000000000 0.0000000000 1.0000000000 1.0000000000 1.0000000000 0
1.1879053312 5.5634095715 3.0351994203 0.0000000000 0.0000000000 0.0000000000 1.0000000000 1.0000000000 1.0000000000 0
0.8298843705 0.1039302416 12.9482872653 0.0000000000 0.0000000000 0.0000000000 1.0000000000 1.0000000000 1.0000000000 0
3.7331017940 8.4817559244 1.0535316291 0.0000000000 0.0000000000 0.0000000000 1.0000000000 1.0000000000 1.0000000000 0
7.1179271480 1.4259006684 1.3081119771 0.0000000000 0.0000000000 0.0000000000 1.0000000000 1.0000000000 1.0000000000 0
6.4286110577 9.4966958397 10.2223334257 0.0000000000 0.0000000000 0.0000000000 1.0000000000 1.0000000000 1.0000000000 0
4.1853847581 7.8184339494 19.1462921542 0.0000000000 0.0000000000 0.0000000000 1.0000000000 1.0000000000 1.0000000000 1
7.5677655890 1.1105344488 11.2981276714 0.0000000000 0.0000000000 0.0000000000 1.0000000000 1.0000000000 1.0000000000 0
6.4632252984 4.9128625504 9.3262515219 0.0000000000 0.0000000000 0.0000000000 1.0000000000 1.0000000000 1.0000000000 0
8.4521923052 0.0081362869 11.2673704854 0.0000000000 0.0000000000 0.0000000000 1.0000000000 1.0000000000 1.0000000000 0
1.7531400457 2.7403250334 1.1335702481 0.0000000000 0.0000000000 0.0000000000 1.0000000000 1.0000000000 1.0000000000 0
4.9004143122 8.4993032106 10.3120413425 0.0000000000 0.0000000000 0.0000000000 1.0000000000 1.0000000000 1.0000000000 0
1.0126802246 4.3821521894 16.0284216758 0.0000000000 0.0000000000 0.0000000000 1.0000000000 1.0000000000 1.0000000000 0
3.1112678948 11.0124078803 6.9628266004 0.0000000000 0.0000000000 0.0000000000 1.0000000000 1.0000000000 1.0000000000 0
5.5244708507 6.1349499323 10.5501736743 0.0000000000 0.0000000000 0.0000000000 1.0000000000 1.0000000000 1.0000000000 0
6.6560143810 0.9583218199 17.0994766470 0.0000000000 0.0000000000 0.0000000000 1.0000000000 1.0000000000 1.0000000000 0
2.3722392164 1.7711497191 2.7106007315 0.0000000000 0.0000000000 0.0000000000 1.0000000000 1.0000000000 1.0000000000 0
1.1622716546 5.3117793921 10.5309552725 0.0000000000 0.0000000000 0.0000000000 1.0000000000 1.0000000000 1.0000000000 0
9.1124969109 7.7555771335 10.5086326448 0.0000000000 0.0000000000 0.0000000000 1.0000000000 1.0000000000 1.0000000000 0
10.6061532389 11.0592183759 16.9456949887 0.0000000000 0.0000000000 0.0000000000 1.0000000000 1.0000000000 1.0000000000 0
8.0250717959 1.5100757271 4.1328476702 0.0000000000 0.0000000000 0.0000000000 1.0000000000 1.0000000000 1.0000000000 0
5.0227940036 2.6774360667 11.3644720811 0.0000000000 0.0000000000 0.0000000000 1.0000000000 1.0000000000 1.0000000000 0
2.6636044336 6.2403337158 9.5492170610 0.0000000000 0.0000000000 0.0000000000 1.0000000000 1.0000000000 1.0000000000 0
4.5912463548 8.9932642978 1.4904384839 0.0000000000 0.0000000000 0.0000000000 1.0000000000 1.0000000000 1.0000000000 0
8.5739652608 4.0135070162 17.4763430131 0.0000000000 0.0000000000 0.0000000000 1.0000000000 1.0000000000 1.0000000000 0
6.1714259611 7.6270658937 11.1315171349 0.0000000000 0.0000000000 0.0000000000 1.0000000000 1.0000000000 1.0000000000 0
0.7155822488 8.8757151048 10.5048075169 0.0000000000 0.0000000000 0.0000000000 1.0000000000 1.0000000000 1.0000000000 0
10.0185811891 2.3240482869 3.9028086642 0.0000000000 0.0000000000 0.0000000000 1.0000000000 1.0000000000 1.0000000000 0
10.5944197752 11.2614016009 3.3110413390 0.0000000000 0.0000000000 0.0000000000 1.0000000000 1.0000000000 1.0000000000 0
9.4754243297 6.6831884934 9.5444350046 0.0000000000 0.0000000000 0.0000000000 1.0000000000 1.0000000000 1.0000000000 0
9.4611648611 3.6213747913 12.3359888271 0.0000000000 0.0000000000 0.0000000000 1.0000000000 1.0000000000 1.0000000000 0
5.4275734699 10.1812658686 1.1490625281 0.0000000000 0.0000000000 0.0000000000 1.0000000000 1.0000000000 1.0000000000 0
5.1593867917 3.7210047107 14.7768575686 0.0000000000 0.0000000000 0.0000000000 1.0000000000 1.0000000000 1.0000000000 0
9.6964527785 8.0568467283 13.9673350752 0.0000000000 0.0000000000 0.0000000000 1.0000000000 1.0000000000 1.0000000000 0
6.9885666662 10.5645616540 0.4462461217 0.0000000000 0.0000000000 0.0000000000 1.0000000000 1.0000000000 1.0000000000 1
1.1081065900 2.9303788305 17.3726106471 0.0000000000 0.0000000000 0.0000000000 1.0000000000 1.0000000000 1.0000000000 0
8.8078060169 6.4227771049 4.0521280903 0.0000000000 0.0000000000 0.0000000000 1.0000000000 1.0000000000 1.0000000000 0
7.3226834546 4.4786829990 13.0397075456 0.0000000000 0.0000000000 0.0000000000 1.0000000000 1.0000000000 1.0000000000 0
5.6117044886 7.4866205566 4.1797572350 0.0000000000 0.0000000000 0.0000000000 1.0000000000 1.0000000000 1.0000000000 1
5.8369284564 0.3805716903 2.5473439538 0.0000000000 0.0000000000 0.0000000000 1.0000000000 1.0000000000 1.0000000000 0
4.4637018471 7.4375057527 9.6506611829 0.0000000000 0.0000000000 0.0000000000 1.0000000000 1.0000000000 1.0000000000 0
9.8968065430 7.4804399245 15.6180686320 0.0000000000 0.0000000000 0.0000000000 1.0000000000 1.0000000000 1.0000000000 0
9.4827502911 2.4165350146 16.7431542673 0.0000000000 0.0000000000 0.0000000000 1.0000000000 1.0000000000 1.0000000000 0
7.2810136192 0.0181932395 2.6138442994 0.0000000000 0.0000000000 0.0000000000 1.0000000000 1.0000000000 1.0000000000 0
6.1645673583 4.3067057831 3.6754608085 0.0000000000 0.0000000000 0.0000000000 1.0000000000 1.0000000000 1.0000000000 0
0.7333485555 5.7377654136 2.1117161029 0.0000000000 0.0000000000 0.0000000000 1.0000000000 1.0000000000 1.0000000000 0
5.1251640756 6.4140679664 2.4695069514 0.0000000000 0.0000000000 0.0000000000 1.0000000000 1.0000000000 1.0000000000 0
4.1054652896 3.0367727226 5.7198405544 0.0000000000 0.0000000000 0.0000000000 1.0000000000 1.0000000000 1.0000000000 0
8.5468261148 3.9501755280 11.6727223421 0.0000000000 0.0000000000 0.0000000000 1.0000000000 1.0000000000 1.0000000000 0
6.2036634742 9.8070531625 17.6601854508 0.0000000000 0.0000000000 0.0000000000 1.0000000000 1.0000000000 1.0000000000 0
3.2198816573 4.0912434903 6.7127563434 0.0000000000 0.0000000000 0.0000000000 1.0000000000 1.0000000000 1.0000000000 0
7.5242802955 6.7673082968 2.4804302844 0.0000000000 0.0000000000 0.0000000000 1.0000000000 1.0000000000 1.0000000000 0
0.1530492826 2.7891553819 10.9586383376 0.0000000000 0.0000000000 0.0000000000 1.0000000000 1.0000000000 1.0000000000 0
8.5311317971 4.6386970116 2.4137939138 0.0000000000 0.0000000000 0.0000000000 1.0000000000 1.0000000000 1.0000000000 0
6.6444703250 1.2797506467 4.1733400997 0.0000000000 0.0000000000 0.0000000000 1.0000000000 1.0000000000 1.0000000000 0
7.1623958097 0.0945734320 1.1373092458 0.0000000000 0.0000000000 0.0000000000 1.0000000000 1.0000000000 1.0000000000 0
5.3890295653 4.8320234255 8.5406413109 0.0000000000 0.0000000000 0.0000000000 1.0000000000 1.0000000000 1.0000000000 0
0.9631130617 0.4804021112 1.0671251551 0.0000000000 0.0000000000 0.0000000000 1.0000000000 1.0000000000 1.0000000000 0
11.0907850420 8.0570567215 12.5667517548 0.0000000000 0.0000000000 0.0000000000 1.0000000000 1.0000000000 1.0000000000 0
0.9211796389 10.8880880488 14.5935477640 0.0000000000 0.0000000000 0.0000000000 1.0000000000 1.0000000000 1.0000000000 0
8.7443412261 8.6403728389 12.1511108309 0.0000000000 0.0000000000 0.0000000000 1.0000000000 1.0000000000 1.0000000000 0
7.9074655355 0.8019665207 3.3215776723 0.0000000000 0.0000000000 0.0000000000 1.0000000000 1.0000000000 1.0000000000 0
5.1762021756 9.8025884828 10.2822281925 0.0000000000 0.0000000000 0.0000000000 1.0000000000 1.0000000000 1.0000000000 0
3.2682394505 2.5680444611 9.4302330252 0.0000000000 0.0000000000 0.0000000000 1.0000000000 1.0000000000 1.0000000000 0
8.1525577558 9.6508551965 1.2337217212 0.0000000000 0.0000000000 0.0000000000 1.0000000000 1.0000000000 1.0000000000 0
10.5731218633 10.2298658470 1.4652606185 0.0000000000 0.0000000000 0.0000000000 1.0000000000 1.0000000000 1.0000000000 0
10.7088170466 7.9816279610 11.5061354422 0.0000000000 0.0000000000 0.0000000000 1.0000000000 1.0000000000 1.0000000000 0
7.3308690473 7.3233642091 11.1378026139 0.0000000000 0.0000000000 0.0000000000 1.0000000000 1.0000000000 1.0000000000 0
10.1259372202 10.1140811028 12.0697754980 0.0000000000 0.0000000000 0.0000000000 1.0000000000 1.0000000000 1.0000000000 0
8.2567593003 6.2679789738 2.9874162802 0.0000000000 0.0000000000 0.0000000000 1.0000000000 1.0000000000 1.0000000000 0
0.4581003688 7.0603962781 4.7982084317 0.0000000000 0.0000000000 0.0000000000 1.0000000000 1.0000000000 1.0000000000 0
2.6654568939 10.1816540532 1.0485708531 0.0000000000 0.0000000000 0.0000000000 1.0000000000 1.0000000000 1.0000000000 0
5.6134509913 4.9846978309 4.3467234214 0.0000000000 0.0000000000 0.0000000000 1.0000000000 1.0000000000 1.0000000000 0
4.3331339365 3.4524384941 11.2702572363 0.0000000000 0.0000000000 0.0000000000 1.0000000000 1.0000000000 1.0000000000 0
1.6958741608 6.2659011660 4.3180311620 0.0000000000 0.0000000000 0.0000000000 1.0000000000 1.0000000000 1.0000000000 0
3.3838583991 10.0460610670 5.9497652882 0.0000000000 0.0000000000 0.0000000000 1.0000000000 1.0000000000 1.0000000000 0
1.8321167766 6.2504050467 10.2260628688 0.0000000000 0.0000000000 0.0000000000 1.0000000000 1.0000000000 1.0000000000 0
1.5688991371 8.4127479978 10.2429380145 0.0000000000 0.0000000000 0.0000000000 1.0000000000 1.0000000000 1.0000000000 0
2.1065099448 10.4749766926 3.1882023121 0.0000000000 0.0000000000 0.0000000000 1.0000000000 1.0000000000 1.0000000000 0
8.1893572752 4.9464294082 1.4257625849 0.0000000000 0.0000000000 0.0000000000 1.0000000000 1.0000000000 1.0000000000 0
0.0463959744 0.4169818533 12.2278568452 0.0000000000 0.0000000000 0.0000000000 1.0000000000 1.0000000000 1.0000000000 0
3.7960395277 5.6374960394 3.5914379302 0.0000000000 0.0000000000 0.0000000000 1.0000000000 1.0000000000 1.0000000000 0
10.7346111532 3.2365558709 12.9008237927 0.0000000000 0.0000000000 0.0000000000 1.0000000000 1.0000000000 1.0000000000 0
3.9400894381 3.6925659013 10.0505771819 0.0000000000 0.0000000000 0.0000000000 1.0000000000 1.0000000000 1.0000000000 0
2.9714036265 6.4263044980 10.5401266187 0.0000000000 0.0000000000 0.0000000000 1.0000000000 1.0000000000 1.0000000000 0
8.8794422736 2.6976810776 12.5435050234 0.0000000000 0.0000000000 0.0000000000 1.0000000000 1.0000000000 1.0000000000 0
7.1370630908 10.3481624600 1.3393122139 0.0000000000 0.0000000000 0.0000000000 1.0000000000 1.0000000000 1.0000000000 0
0.0084155650 6.2433871701 11.9170048437 0.0000000000 0.0000000000 0.0000000000 1.0000000000 1.0000000000 1.0000000000 0
5.7953819412 3.6886228331 9.3134173274 0.0000000000 0.0000000000 0.0000000000 1.0000000000 1.0000000000 1.0000000000 0
2.5761974246 5.0133854130 1.6903498870 0.0000000000 0.0000000000 0.0000000000 1.0000000000 1.0000000000 1.0000000000 0
2.0564249860 5.3637076177 3.7215499431 0.0000000000 0.0000000000 0.0000000000 1.0000000000 1.0000000000 1.0000000000 0
0.8145537121 5.6697570395 4.7346034634 0.0000000000 0.0000000000 0.0000000000 1.0000000000 1.0000000000 1.0000000000 0
2.6138722262 10.8190791823 2.2853888869 0.0000000000 0.0000000000 0.0000000000 1.0000000000 1.0000000000 1.0000000000 0
4.7324057254 5.7499298645 9.1188175150 0.0000000000 0.0000000000 0.0000000000 1.0000000000 1.0000000000 1.0000000000 0
6.1831671477 7.2842602446 12.5310303065 0.0000000000 0.0000000000 0.0000000000 1.0000000000 1.0000000000 1.0000000000 0
0.7322558440 2.3034585882 16.3936304386 0.0000000000 0.0000000000 0.0000000000 1.0000000000 1.0000000000 1.0000000000 0
5.7528396184 1.6898452017 17.4662207991 0.0000000000 0.0000000000 0.0000000000 1.0000000000 1.0000000000 1.0000000000 0
1.2721140908 6.2450411342 5.4844459525 0.0000000000 0.0000000000 0.0000000000 1.0000000000 1.0000000000 1.0000000000 0
8.1356780908 7.7257815222 13.4652276821 0.0000000000 0.0000000000 0.0000000000 1.0000000000 1.0000000000 1.0000000000 0
9.5150216255 3.7502243271 14.0158321379 0.0000000000 0.0000000000 0.0000000000 1.0000000000 1.0000000000 1.0000000000 0
1.3864426184 0.8318720541 10.2286356443 0.0000000000 0.0000000000 0.0000000000 1.0000000000 1.0000000000 1.0000000000 0
1.8759514872 4.3657198180 10.3559962228 0.0000000000 0.0000000000 0.0000000000 1.0000000000 1.0000000000 1.0000000000 0
11.2374262993 10.6219569299 4.3519322241 0.0000000000 0.0000000000 0.0000000000 1.0000000000 1.0000000000 1.0000000000 0
4.4701181264 1.2871013190 3.2373397741 0.0000000000 0.0000000000 0.0000000000 1.0000000000 1.0000000000 1.0000000000 0
3.7775080641 0.1365121292 3.1982294541 0.0000000000 0.0000000000 0.0000000000 1.0000000000 1.0000000000 1.0000000000 0
1.2399380582 7.0876478055 8.9264542450 0.0000000000 0.0000000000 0.0000000000 1.0000000000 1.0000000000 1.0000000000 0
4.5173075033 3.1740525065 17.6418202542 0.0000000000 0.0000000000 0.0000000000 1.0000000000 1.0000000000 1.0000000000 0
1.6357415345 1.7119812618 3.4145416054 0.0000000000 0.0000000000 0.0000000000 1.0000000000 1.0000000000 1.0000000000 0
1.7821387728 9.6335944228 3.8726469920 0.0000000000 0.0000000000 0.0000000000 1.0000000000 1.0000000000 1.0000000000 0
8.8503771209 4.9107479225 12.2559711185 0.0000000000 0.0000000000 0.0000000000 1.0000000000 1.0000000000 1.0000000000 0
1.3796868227 1.1702504340 9.2227916360 0.0000000000 0.0000000000 0.0000000000 1.0000000000 1.0000000000 1.0000000000 0
6.4399384466 1.0742846108 8.8429017859 0.0000000000 0.0000000000 0.0000000000 1.0000000000 1.0000000000 1.0000000000 1
6.6572374160 0.6942171979 1.9246385354 0.0000000000 0.0000000000 0.0000000000 1.0000000000 1.0000000000 1.0000000000 0
9.1640388290 8.6137421055 11.1643095942 0.0000000000 0.0000000000 0.0000000000 1.0000000000 1.0000000000 1.0000000000 0
6.3991741752 9.7645275201 11.2348699800 0.0000000000 0.0000000000 0.0000000000 1.0000000000 1.0000000000 1.0000000000 0
4.9754310585 7.5589491757 3.4856391278 0.0000000000 0.0000000000 0.0000000000 1.0000000000 1.0000000000 1.0000000000 0
9.2083094663 10.3473261036 4.5581517040 0.0000000000 0.0000000000 0.0000000000 1.0000000000 1.0000000000 1.0000000000 0
7.6371163035 8.5722851658 9.6600648096 0.0000000000 0.0000000000 0.0000000000 1.0000000000 1.0000000000 1.0000000000 0
3.8038200714 8.0655883679 3.2888338386 0.0000000000 0.0000000000 0.0000000000 1.0000000000 1.0000000000 1.0000000000 0
4.3827963621 6.4365917469 1.2338851533 0.0000000000 0.0000000000 0.0000000000 1.0000000000 1.0000000000 1.0000000000 0
8.0800881558 7.4628866398 18.8529621041 0.0000000000 0.0000000000 0.0000000000 1.0000000000 1.0000000000 1.0000000000 0
8.0210643810 10.3043049968 11.2311872053 0.0000000000 0.0000000000 0.0000000000 1.0000000000 1.0000000000 1.0000000000 0
0.0489536808 4.1922893460 17.0172125406 0.0000000000 0.0000000000 0.0000000000 1.0000000000 1.0000000000 1.0000000000 0
9.2805727528 8.7682171889 1.9412302281 0.0000000000 0.0000000000 0.0000000000 1.0000000000 1.0000000000 1.0000000000 0
7.4275049683 0.7569662932 13.1490137449 0.0000000000 0.0000000000 0.0000000000 1.0000000000 1.0000000000 1.0000000000 0
10.9006365914 0.6483797429 1.2025365869 0.0000000000 0.0000000000 0.0000000000 1.0000000000 1.0000000000 1.0000000000 0
1.2685298232 1.6402266131 1.0893750994 0.0000000000 0.0000000000 0.0000000000 1.0000000000 1.0000000000 1.0000000000 0
7.7882370562 3.6975056866 0.9957553932 0.0000000000 0.0000000000 0.0000000000 1.0000000000 1.0000000000 1.0000000000 0
2.4865072159 0.4822888450 1.9434986675 0.0000000000 0.0000000000 0.0000000000 1.0000000000 1.0000000000 1.0000000000 0
2.8183898226 2.3925681506 1.1108849163 0.0000000000 0.0000000000 0.0000000000 1.0000000000 1.0000000000 1.0000000000 0
1.9327301403 9.7051268945 2.1795467814 0.0000000000 0.0000000000 0.0000000000 1.0000000000 1.0000000000 1.0000000000 0
4.7971353419 1.0187551079 2.1513532807 0.0000000000 0.0000000000 0.0000000000 1.0000000000 1.0000000000 1.0000000000 0
3.0895568650 11.2412332348 1.1062174957 0.0000000000 0.0000000000 0.0000000000 1.0000000000 1.0000000000 1.0000000000 0
6.1325003750 6.0713713085 5.0799772805 0.0000000000 0.0000000000 0.0000000000 1.0000000000 1.0000000000 1.0000000000 0
5.7836162441 1.3047038747 11.3326565385 0.0000000000 0.0000000000 0.0000000000 1.0000000000 1.0000000000 1.0000000000 0
7.1402770735 2.4664402248 11.2029822541 0.0000000000 0.0000000000 0.0000000000 1.0000000000 1.0000000000 1.0000000000 0
7.8279873745 7.3402238523 1.3828452407 0.0000000000 0.0000000000 0.0000000000 1.0000000000 1.0000000000 1.0000000000 0
9.2799340558 5.7839003919 16.6584397806 0.0000000000 0.0000000000 0.0000000000 1.0000000000 1.0000000000 1.0000000000 0
6.0916053725 5.0061593118 13.3623197417 0.0000000000 0.0000000000 0.0000000000 1.0000000000 1.0000000000 1.0000000000 0
10.9252818910 1.4462010622 11.1976420302 0.0000000000 0.0000000000 0.0000000000 1.0000000000 1.0000000000 1.0000000000 0
0.3392279961 7.1663791767 2.4747642657 0.0000000000 0.0000000000 0.0000000000 1.0000000000 1.0000000000 1.0000000000 0
3.4463598821 0.7938086658 1.5744495471 0.0000000000 0.0000000000 0.0000000000 1.0000000000 1.0000000000 1.0000000000 0
10.1371442715 8.6035989531 10.6084261041 0.0000000000 0.0000000000 0.0000000000 1.0000000000 1.0000000000 1.0000000000 0
6.1483515890 9.7062138073 1.8167914907 0.0000000000 0.0000000000 0.0000000000 1.0000000000 1.0000000000 1.0000000000 0
9.5157573731 10.6583087915 2.4947852799 0.0000000000 0.0000000000 0.0000000000 1.0000000000 1.0000000000 1.0000000000 0
8.7793521253 5.8614396743 10.3067705365 0.0000000000 0.0000000000 0.0000000000 1.0000000000 1.0000000000 1.0000000000 0
3.8245213052 2.5410443470 17.0339801828 0.0000000000 0.0000000000 0.0000000000 1.0000000000 1.0000000000 1.0000000000 0
4.3927635837 1.8941270761 16.5104515806 0.0000000000 0.0000000000 0.0000000000 1.0000000000 1.0000000000 1.0000000000 0
2.2915008133 3.8333661490 1.1542729977 0.0000000000 0.0000000000 0.0000000000 1.0000000000 1.0000000000 1.0000000000 0
4.3625356763 8.1714309775 0.2867033567 0.0000000000 0.0000000000 0.0000000000 1.0000000000 1.0000000000 1.0000000000 1
9.3208203786 0.3307299569 4.4001553736 0.0000000000 0.0000000000 0.0000000000 1.0000000000 1.0000000000 1.0000000000 1
10.3073378350 0.3992074313 12.4082745220 0.0000000000 0.0000000000 0.0000000000 1.0000000000 1.0000000000 1.0000000000 0
9.3272047017 1.2949127623 15.6846815051 0.0000000000 0.0000000000 0.0000000000 1.0000000000 1.0000000000 1.0000000000 1
4.1268777041 4.2818474864 8.8749989597 0.0000000000 0.0000000000 0.0000000000 1.0000000000 1.0000000000 1.0000000000 0
2.9209378653 7.6373623460 16.5396415755 0.0000000000 0.0000000000 0.0000000000 1.0000000000 1.0000000000 1.0000000000 1
0.8683270069 4.6092390207 4.6690496241 0.0000000000 0.0000000000 0.0000000000 1.0000000000 1.0000000000 1.0000000000 0
2.9567099409 8.0928967769 10.1834747122 0.0000000000 0.0000000000 0.0000000000 1.0000000000 1.0000000000 1.0000000000 0
6.6144339258 5.5187720675 0.3037484150 0.0000000000 0.0000000000 0.0000000000 1.0000000000 1.0000000000 1.0000000000 1
4.4407530306 0.7044568538 9.9385820691 0.0000000000 0.0000000000 0.0000000000 1.0000000000 1.0000000000 1.0000000000 0
2.5884310345 3.2082161294 9.0923956373 0.0000000000 0.0000000000 0.0000000000 1.0000000000 1.0000000000 1.0000000000 0
1.7020421328 3.3206552592 10.1579120053 0.0000000000 0.0000000000 0.0000000000 1.0000000000 1.0000000000 1.0000000000 0
4.1750528039 3.8086925602 12.1744745530 0.0000000000 0.0000000000 0.0000000000 1.0000000000 1.0000000000 1.0000000000 0
6.8652151941 9.2387043741 1.3116172922 0.0000000000 0.0000000000 0.0000000000 1.0000000000 1.0000000000 1.0000000000 0
2.3286446186 6.4506393708 8.3572259091 0.0000000000 0.0000000000 0.0000000000 1.0000000000 1.0000000000 1.0000000000 0
4.8310702873 2.1733949979 18.0770581439 0.0000000000 0.0000000000 0.0000000000 1.0000000000 1.0000000000 1.0000000000 0
9.0738285111 4.7265131229 11.2801265477 0.0000000000 0.0000000000 0.0000000000 1.0000000000 1.0000000000 1.0000000000 0
3.2942362177 1.3055693779 14.2787408836 0.0000000000 0.0000000000 0.0000000000 1.0000000000 1.0000000000 1.0000000000 0
0.9331658348 8.0464532896 1.3299522957 0.0000000000 0.0000000000 0.0000000000 1.0000000000 1.0000000000 1.0000000000 0
7.7802640424 10.0913932649 12.4802629774 0.0000000000 0.0000000000 0.0000000000 1.0000000000 1.0000000000 1.0000000000 0
0.0277464012 6.2316991470 13.2274120649 0.0000000000 0.0000000000 0.0000000000 1.0000000000 1.0000000000 1.0000000000 0
11.1047524340 3.7414099526 11.3553167528 0.0000000000 0.0000000000 0.0000000000 1.0000000000 1.0000000000 1.0000000000 0
1.1661247245 1.2734747224 4.6697595579 0.0000000000 0.0000000000 0.0000000000 1.0000000000 1.0000000000 1.0000000000 1
10.2467983869 4.0206506480 17.2691875695 0.0000000000 0.0000000000 0.0000000000 1.0000000000 1.0000000000 1.0000000000 0
8.1846954239 0.8246691375 1.7461919580 0.0000000000 0.0000000000 0.0000000000 1.0000000000 1.0000000000 1.0000000000 0
2.0916529724 0.8942564144 5.1749887491 0.0000000000 0.0000000000 0.0000000000 1.0000000000 1.0000000000 1.0000000000 0
5.6684305989 7.9904361823 16.0108225199 0.0000000000 0.0000000000 0.0000000000 1.0000000000 1.0000000000 1.0000000000 1
3.3090196963 1.6015258111 16.3065514607 0.0000000000 0.0000000000 0.0000000000 1.0000000000 1.0000000000 1.0000000000 0
9.9412603476 10.0584088472 8.8712335262 0.0000000000 0.0000000000 0.0000000000 1.0000000000 1.0000000000 1.0000000000 0
6.9424057650 1.8357977153 16.6760810527 0.0000000000 0.0000000000 0.0000000000 1.0000000000 1.0000000000 1.0000000000 0
0.1890385240 9.0262818188 6.6761265652 0.0000000000 0.0000000000 0.0000000000 1.0000000000 1.0000000000 1.0000000000 0
11.2126676178 6.6367338174 1.5045690320 0.0000000000 0.0000000000 0.0000000000 1.0000000000 1.0000000000 1.0000000000 0
3.0394469449 1.2272919649 0.5541425674 0.0000000000 0.0000000000 0.0000000000 1.0000000000 1.0000000000 1.0000000000 1
1.0760056363 7.3933478041 10.2946530007 0.0000000000 0.0000000000 0.0000000000 1.0000000000 1.0000000000 1.0000000000 0
1.3695818568 8.0304346248 12.0709609115 0.0000000000 0.0000000000 0.0000000000 1.0000000000 1.0000000000 1.0000000000 0
6.0960701223 3.0361651086 11.2309427689 0.0000000000 0.0000000000 0.0000000000 1.0000000000 1.0000000000 1.0000000000 0
10.8450301140 4.6712362856 10.8982126019 0.0000000000 0.0000000000 0.0000000000 1.0000000000 1.0000000000 1.0000000000 0
3.0021133720 4.0855115190 9.7283383466 0.0000000000 0.0000000000 0.0000000000 1.0000000000 1.0000000000 1.0000000000 0
8.1694259372 5.5766954801 5.7778174771 0.0000000000 0.0000000000 0.0000000000 1.0000000000 1.0000000000 1.0000000000 0
5.7092778985 8.8661231098 1.4567146906 0.0000000000 0.0000000000 0.0000000000 1.0000000000 1.0000000000 1.0000000000 0
1.4925829114 6.9954595120 1.8907281630 0.0000000000 0.0000000000 0.0000000000 1.0000000000 1.0000000000 1.0000000000 0
1.3513383093 3.5086476697 1.9392924008 0.0000000000 0.0000000000 0.0000000000 1.0000000000 1.0000000000 1.0000000000 0
6.2580024681 2.9281120099 17.2691445318 0.0000000000 0.0000000000 0.0000000000 1.0000000000 1.0000000000 1.0000000000 0
6.5216739721 4.2720786238 1.1092721470 0.0000000000 0.0000000000 0.0000000000 1.0000000000 1.0000000000 1.0000000000 0
1.8622380075 8.5826288240 4.4086034928 0.0000000000 0.0000000000 0.0000000000 1.0000000000 1.0000000000 1.0000000000 0
11.1175429166 8.4751152812 2.5078545336 0.0000000000 0.0000000000 0.0000000000 1.0000000000 1.0000000000 1.0000000000 0
2.5692594465 9.1593497708 9.4882109855 0.0000000000 0.0000000000 0.0000000000 1.0000000000 1.0000000000 1.0000000000 0
4.6954314103 1.0753666446 8.7324775842 0.0000000000 0.0000000000 0.0000000000 1.0000000000 1.0000000000 1.0000000000 0
9.2128059033 2.5750426595 13.5285553839 0.0000000000 0.0000000000 0.0000000000 1.0000000000 1.0000000000 1.0000000000 0
11.0174506936 3.9518739206 1.2208748227 0.0000000000 0.0000000000 0.0000000000 1.0000000000 1.0000000000 1.0000000000 0
2.7763597267 4.0355621197 2.3927472025 0.0000000000 0.0000000000 0.0000000000 1.0000000000 1.0000000000 1.0000000000 0
9.0611710744 8.4125197614 17.6726108517 0.0000000000 0.0000000000 0.0000000000 1.0000000000 1.0000000000 1.0000000000 0
0.7414719549 9.9722242446 8.5852014716 0.0000000000 0.0000000000 0.0000000000 1.0000000000 1.0000000000 1.0000000000 0
0.3688002323 2.6375665581 1.5573905391 0.0000000000 0.0000000000 0.0000000000 1.0000000000 1.0000000000 1.0000000000 0
4.2761416909 2.6505873771 12.3399823309 0.0000000000 0.0000000000 0.0000000000 1.0000000000 1.0000000000 1.0000000000 0
0.5872968470 10.9676610292 8.2216033257 0.0000000000 0.0000000000 0.0000000000 1.0000000000 1.0000000000 1.0000000000 0
0.7245541937 4.4272146831 1.0663582156 0.0000000000 0.0000000000 0.0000000000 1.0000000000 1.0000000000 1.0000000000 0
11.0471027256 5.9647717081 10.8581877768 0.0000000000 0.0000000000 0.0000000000 1.0000000000 1.0000000000 1.0000000000 0
2.7433160396 4.9349792112 8.9260367539 0.0000000000 0.0000000000 0.0000000000 1.0000000000 1.0000000000 1.0000000000 0
7.9617578402 5.4295207993 12.8218301150 0.0000000000 0.0000000000 0.0000000000 1.0000000000 1.0000000000 1.0000000000 0
8.5617081399 9.7886661078 3.9266813147 0.0000000000 0.0000000000 0.0000000000 1.0000000000 1.0000000000 1.0000000000 0
1.2220220933 3.3224411431 3.6496088476 0.0000000000 0.0000000000 0.0000000000 1.0000000000 1.0000000000 1.0000000000 0
5.4200493933 1.9217482962 5.3116167460 0.0000000000 0.0000000000 0.0000000000 1.0000000000 1.0000000000 1.0000000000 0
4.7895382436 7.5462854552 10.7214244121 0.0000000000 0.0000000000 0.0000000000 1.0000000000 1.0000000000 1.0000000000 0
4.9237734026 10.1607575702 11.2018650969 0.0000000000 0.0000000000 0.0000000000 1.0000000000 1.0000000000 1.0000000000 0
7.2080294562 5.4305256784 11.4445923893 0.0000000000 0.0000000000 0.0000000000 1.0000000000 1.0000000000 1.0000000000 0
0.0300741501 1.7564923789 5.5839471374 0.0000000000 0.0000000000 0.0000000000 1.0000000000 1.0000000000 1.0000000000 0
10.1551873428 3.0590113490 4.5574283637 0.0000000000 0.0000000000 0.0000000000 1.0000000000 1.0000000000 1.0000000000 1
10.2752274296 4.1872242839 9.6257340959 0.0000000000 0.0000000000 0.0000000000 1.0000000000 1.0000000000 1.0000000000 0
0.4081009192 2.3204619189 2.7496439631 0.0000000000 0.0000000000 0.0000000000 1.0000000000 1.0000000000 1.0000000000 0
7.4638285488 6.4955399423 0.3871654845 0.0000000000 0.0000000000 0.0000000000 1.0000000000 1.0000000000 1.0000000000 1
3.7994898089 5.7693250360 14.7388063004 0.0000000000 0.0000000000 0.0000000000 1.0000000000 1.0000000000 1.0000000000 0
4.0928146554 8.7617127963 17.2850772459 0.0000000000 0.0000000000 0.0000000000 1.0000000000 1.0000000000 1.0000000000 0
2.4449006845 9.8856173890 4.9298762040 0.0000000000 0.0000000000 0.0000000000 1.0000000000 1.0000000000 1.0000000000 0
2.6868564997 3.1956832215 10.1510286091 0.0000000000 0.0000000000 0.0000000000 1.0000000000 1.0000000000 1.0000000000 0
4.4857790260 1.8267141021 10.9259142647 0.0000000000 0.0000000000 0.0000000000 1.0000000000 1.0000000000 1.0000000000 0
8.2379987053 2.4676290216 2.8270858153 0.0000000000 0.0000000000 0.0000000000 1.0000000000 1.0000000000 1.0000000000 0
9.8821429045 8.1693196215 4.9957556158 0.0000000000 0.0000000000 0.0000000000 1.0000000000 1.0000000000 1.0000000000 0
1.8393564683 10.8965905079 0.9073877012 0.0000000000 0.0000000000 0.0000000000 1.0000000000 1.0000000000 1.0000000000 0
7.9733100660 2.8440907323 4.3020304991 0.0000000000 0.0000000000 0.0000000000 1.0000000000 1.0000000000 1.0000000000 0
0.5763220388 4.4440822256 10.7958800693 0.0000000000 0.0000000000 0.0000000000 1.0000000000 1.0000000000 1.0000000000 0
7.3024382830 5.6617195589 1.2431940561 0.0000000000 0.0000000000 0.0000000000 1.0000000000 1.0000000000 1.0000000000 0
7.2452395935 0.1570969639 9.6075133028 0.0000000000 0.0000000000 0.0000000000 1.0000000000 1.0000000000 1.0000000000 0
7.5742330203 3.8588165886 15.4424726946 0.0000000000 0.0000000000 0.0000000000 1.0000000000 1.0000000000 1.0000000000 0
10.8882234286 9.1508796025 10.2491090057 0.0000000000 0.0000000000 0.0000000000 1.0000000000 1.0000000000 1.0000000000 0
1.1540195581 6.4121128428 1.1418667516 0.0000000000 0.0000000000 0.0000000000 1.0000000000 1.0000000000 1.0000000000 0
4.3791620940 10.4246766887 3.0230867715 0.0000000000 0.0000000000 0.0000000000 1.0000000000 1.0000000000 1.0000000000 0
10.5686131843 7.7471694992 3.7996978075 0.0000000000 0.0000000000 0.0000000000 1.0000000000 1.0000000000 1.0000000000 0
9.3978693706 8.5346969665 3.4470067571 0.0000000000 0.0000000000 0.0000000000 1.0000000000 1.0000000000 1.0000000000 0
8.0255977284 0.9161352805 9.9013139588 0.0000000000 0.0000000000 0.0000000000 1.0000000000 1.0000000000 1.0000000000 0
3.8070839621 10.7666722743 2.1565078398 0.0000000000 0.0000000000 0.0000000000 1.0000000000 1.0000000000 1.0000000000 0
3.7250062900 0.8506869896 8.9963853321 0.0000000000 0.0000000000 0.0000000000 1.0000000000 1.0000000000 1.0000000000 0
2.4432433100 9.2581431644 12.1444449587 0.0000000000 0.0000000000 0.0000000000 1.0000000000 1.0000000000 1.0000000000 0
10.5673809406 1.2025518803 0.2935379295 0.0000000000 0.0000000000 0.0000000000 1.0000000000 1.0000000000 1.0000000000 0
6.1236815053 7.0127218008 8.7490076036 0.0000000000 0.0000000000 0.0000000000 1.0000000000 1.0000000000 1.0000000000 0
8.0387952698 8.5768086551 1.4727625648 0.0000000000 0.0000000000 0.0000000000 1.0000000000 1.0000000000 1.0000000000 0
10.2093263855 5.5381918831 15.6678067079 0.0000000000 0.0000000000 0.0000000000 1.0000000000 1.0000000000 1.0000000000 1
7.9677014318 2.1516380035 14.6164284593 0.0000000000 0.0000000000 0.0000000000 1.0000000000 1.0000000000 1.0000000000 0
10.8502554701 2.6622284464 6.0442813391 0.0000000000 0.0000000000 0.0000000000 1.0000000000 1.0000000000 1.0000000000 0
6.8888853173 7.9045765325 4.7568537382 0.0000000000 0.0000000000 0.0000000000 1.0000000000 1.0000000000 1.0000000000 0
6.7080995266 11.0974521611 18.1657390329 0.0000000000 0.0000000000 0.0000000000 1.0000000000 1.0000000000 1.0000000000 0
1.7820133761 0.4141901761 11.2529565077 0.0000000000 0.0000000000 0.0000000000 1.0000000000 1.0000000000 1.0000000000 0
8.6575841672 1.5886312688 11.6635132952 0.0000000000 0.0000000000 0.0000000000 1.0000000000 1.0000000000 1.0000000000 0
9.9707549170 8.5974419966 15.8183330447 0.0000000000 0.0000000000 0.0000000000 1.0000000000 1.0000000000 1.0000000000 0
8.0845727052 4.0023382725 10.4229364022 0.0000000000 0.0000000000 0.0000000000 1.0000000000 1.0000000000 1.0000000000 0
1.4510992807 11.0814457024 9.7480145987 0.0000000000 0.0000000000 0.0000000000 1.0000000000 1.0000000000 1.0000000000 0
7.6057969668 1.8130529912 8.6822059245 0.0000000000 0.0000000000 0.0000000000 1.0000000000 1.0000000000 1.0000000000 1
7.4042266242 6.4865381840 4.2915484942 0.0000000000 0.0000000000 0.0000000000 1.0000000000 1.0000000000 1.0000000000 0
8.9402718296 4.0935554911 9.9129083980 0.0000000000 0.0000000000 0.0000000000 1.0000000000 1.0000000000 1.0000000000 0
10.3498623491 9.3935831722 2.3499599857 0.0000000000 0.0000000000 0.0000000000 1.0000000000 1.0000000000 1.0000000000 0
2.8723451036 3.3892244043 17.1621737776 0.0000000000 0.0000000000 0.0000000000 1.0000000000 1.0000000000 1.0000000000 0
3.9660928382 2.6208894443 10.3504268633 0.0000000000 0.0000000000 0.0000000000 1.0000000000 1.0000000000 1.0000000000 0
10.7356996997 5.2765301714 11.9531429492 0.0000000000 0.0000000000 0.0000000000 1.0000000000 1.0000000000 1.0000000000 0
5.0958177538 3.3180473562 4.2269039076 0.0000000000 0.0000000000 0.0000000000 1.0000000000 1.0000000000 1.0000000000 0
5.4490640412 9.0677148353 15.7669561909 0.0000000000 0.0000000000 0.0000000000 1.0000000000 1.0000000000 1.0000000000 1
3.8145610883 7.6530374371 11.3434517610 0.0000000000 0.0000000000 0.0000000000 1.0000000000 1.0000000000 1.0000000000 0
9.1173630173 3.0542409308 2.3794377535 0.0000000000 0.0000000000 0.0000000000 1.0000000000 1.0000000000 1.0000000000 0
9.6395143441 7.6886222415 11.3646927706 0.0000000000 0.0000000000 0.0000000000 1.0000000000 1.0000000000 1.0000000000 0
8.8784746018 1.4087490402 9.5327198078 0.0000000000 0.0000000000 0.0000000000 1.0000000000 1.0000000000 1.0000000000 0
4.7391832582 8.2907200293 9.1877774214 0.0000000000 0.0000000000 0.0000000000 1.0000000000 1.0000000000 1.0000000000 0
9.2576948343 10.8319944828 3.5256065370 0.0000000000 0.0000000000 0.0000000000 1.0000000000 1.0000000000 1.0000000000 0
3.2427314180 5.1449753680 10.0895534774 0.0000000000 0.0000000000 0.0000000000 1.0000000000 1.0000000000 1.0000000000 0
10.3877205037 3.2076909188 16.2943875073 0.0000000000 0.0000000000 0.0000000000 1.0000000000 1.0000000000 1.0000000000 0
7.0179436717 10.4639379380 11.5802766771 0.0000000000 0.0000000000 0.0000000000 1.0000000000 1.0000000000 1.0000000000 0
3.8632714761 1.6591542561 12.5967245467 0.0000000000 0.0000000000 0.0000000000 1.0000000000 1.0000000000 1.0000000000 0
3.9123208671 1.6029235945 9.7772287568 0.0000000000 0.0000000000 0.0000000000 1.0000000000 1.0000000000 1.0000000000 0
9.9736262580 0.7254624372 16.5309357550 0.0000000000 0.0000000000 0.0000000000 1.0000000000 1.0000000000 1.0000000000 0
1.6979684580 7.5326740084 11.0721127146 0.0000000000 0.0000000000 0.0000000000 1.0000000000 1.0000000000 1.0000000000 0
3.1449552890 1.3287162576 10.3045321757 0.0000000000 0.0000000000 0.0000000000 1.0000000000 1.0000000000 1.0000000000 0
8.9648829391 1.5067110096 13.2218118696 0.0000000000 0.0000000000 0.0000000000 1.0000000000 1.0000000000 1.0000000000 0
6.4642317704 7.9585943872 17.2280812679 0.0000000000 0.0000000000 0.0000000000 1.0000000000 1.0000000000 1.0000000000 0
7.9136465261 0.8863918914 17.2840410418 0.0000000000 0.0000000000 0.0000000000 1.0000000000 1.0000000000 1.0000000000 0
0.3058254027 10.6264601003 12.6018772702 0.0000000000 0.0000000000 0.0000000000 1.0000000000 1.0000000000 1.0000000000 0
5.7499375652 5.1534433316 2.5343288445 0.0000000000 0.0000000000 0.0000000000 1.0000000000 1.0000000000 1.0000000000 0
10.4758947207 10.1755290167 11.0452557833 0.0000000000 0.0000000000 0.0000000000 1.0000000000 1.0000000000 1.0000000000 0
5.2208300546 7.2470920594 0.5158396986 0.0000000000 0.0000000000 0.0000000000 1.0000000000 1.0000000000 1.0000000000 1
3.9115039198 8.5185320879 10.2273163157 0.0000000000 0.0000000000 0.0000000000 1.0000000000 1.0000000000 1.0000000000 0
2.0151422825 8.4378166418 3.1033980522 0.0000000000 0.0000000000 0.0000000000 1.0000000000 1.0000000000 1.0000000000 0
10.9837671225 10.8053185736 11.6142639956 0.0000000000 0.0000000000 0.0000000000 1.0000000000 1.0000000000 1.0000000000 0
5.0829669760 0.1904591174 16.6084258365 0.0000000000 0.0000000000 0.0000000000 1.0000000000 1.0000000000 1.0000000000 0
5.3297741546 0.3489691937 9.2210850361 0.0000000000 0.0000000000 0.0000000000 1.0000000000 1.0000000000 1.0000000000 0
2.5997263496 9.3663578779 0.3241832224 0.0000000000 0.0000000000 0.0000000000 1.0000000000 1.0000000000 1.0000000000 0
2.2050050522 3.6773560866 11.3390951291 0.0000000000 0.0000000000 0.0000000000 1.0000000000 1.0000000000 1.0000000000 0
8.8176382001 8.7024699287 5.1343701166 0.0000000000 0.0000000000 0.0000000000 1.0000000000 1.0000000000 1.0000000000 0
6.8834075867 1.1910657648 3.1393051260 0.0000000000 0.0000000000 0.0000000000 1.0000000000 1.0000000000 1.0000000000 0
9.8760273044 0.7149973896 1.1678461307 0.0000000000 0.0000000000 0.0000000000 1.0000000000 1.0000000000 1.0000000000 0
3.3040577080 7.1867494117 9.7269550682 0.0000000000 0.0000000000 0.0000000000 1.0000000000 1.0000000000 1.0000000000 0
7.9626000749 4.2651534561 3.1757764093 0.0000000000 0.0000000000 0.0000000000 1.0000000000 1.0000000000 1.0000000000 0
5.6131318850 3.0899103697 13.8585823215 0.0000000000 0.0000000000 0.0000000000 1.0000000000 1.0000000000 1.0000000000 0
9.9079534561 1.7624956699 4.9036215847 0.0000000000 0.0000000000 0.0000000000 1.0000000000 1.0000000000 1.0000000000 0
7.5282777696 1.9568132470 12.4652714561 0.0000000000 0.0000000000 0.0000000000 1.0000000000 1.0000000000 1.0000000000 0
1.4943011880 2.9536493167 7.5826945976 0.0000000000 0.0000000000 0.0000000000 1.0000000000 1.0000000000 1.0000000000 0
8.3277284373 11.1499805558 3.0889492408 0.0000000000 0.0000000000 0.0000000000 1.0000000000 1.0000000000 1.0000000000 0
5.5240396760 9.1530378974 3.6911002258 0.0000000000 0.0000000000 0.0000000000 1.0000000000 1.0000000000 1.0000000000 0
1.5482273789 10.8334782121 15.5777832892 0.0000000000 0.0000000000 0.0000000000 1.0000000000 1.0000000000 1.0000000000 1
0.5711798666 9.8390687251 9.8185874906 0.0000000000 0.0000000000 0.0000000000 1.0000000000 1.0000000000 1.0000000000 0
8.9204838119 7.7167817762 1.2585973798 0.0000000000 0.0000000000 0.0000000000 1.0000000000 1.0000000000 1.0000000000 0
6.8125984981 8.4391247696 11.7152490263 0.0000000000 0.0000000000 0.0000000000 1.0000000000 1.0000000000 1.0000000000 0
6.0324616611 0.0164761787 11.4232720727 0.0000000000 0.0000000000 0.0000000000 1.0000000000 1.0000000000 1.0000000000 0
7.5615288278 8.3219620660 2.3189214770 0.0000000000 0.0000000000 0.0000000000 1.0000000000 1.0000000000 1.0000000000 0
1.7387075565 11.2495821588 5.6195203328 0.0000000000 0.0000000000 0.0000000000 1.0000000000 1.0000000000 1.0000000000 0
7.7772903065 7.6999180765 3.0548804046 0.0000000000 0.0000000000 0.0000000000 1.0000000000 1.0000000000 1.0000000000 0
4.0314019249 2.0651121936 8.9087807322 0.0000000000 0.0000000000 0.0000000000 1.0000000000 1.0000000000 1.0000000000 0
8.3380719633 7.0106809288 9.6798883674 0.0000000000 0.0000000000 0.0000000000 1.0000000000 1.0000000000 1.0000000000 0
8.5357167103 8.7675608954 10.2290809486 0.0000000000 0.0000000000 0.0000000000 1.0000000000 1.0000000000 1.0000000000 0
0.1347035387 0.0208946083 9.2085324202 0.0000000000 0.0000000000 0.0000000000 1.0000000000 1.0000000000 1.0000000000 1
1.4560494243 8.8625366295 11.2486111309 0.0000000000 0.0000000000 0.0000000000 1.0000000000 1.0000000000 1.0000000000 0
3.4639193502 7.4347649518 8.6073028235 0.0000000000 0.0000000000 0.0000000000 1.0000000000 1.0000000000 1.0000000000 0
3.5156540775 5.8684199193 1.5827529938 0.0000000000 0.0000000000 0.0000000000 1.0000000000 1.0000000000 1.0000000000 0
6.7409740233 2.2711695522 2.1104923622 0.0000000000 0.0000000000 0.0000000000 1.0000000000 1.0000000000 1.0000000000 0
5.7312188039 2.8768813970 12.5343009134 0.0000000000 0.0000000000 0.0000000000 1.0000000000 1.0000000000 1.0000000000 0
8.0095004861 10.3370207679 4.8912671550 0.0000000000 0.0000000000 0.0000000000 1.0000000000 1.0000000000 1.0000000000 0
6.4972154799 10.7832302648 1.9258419187 0.0000000000 0.0000000000 0.0000000000 1.0000000000 1.0000000000 1.0000000000 0
4.7959855045 0.4575902897 12.4723219666 0.0000000000 0.0000000000 0.0000000000 1.0000000000 1.0000000000 1.0000000000 0
4.9840607348 3.3687432861 2.3980467036 0.0000000000 0.0000000000 0.0000000000 1.0000000000 1.0000000000 1.0000000000 0
8.9670253769 7.7774243309 18.5559663126 0.0000000000 0.0000000000 0.0000000000 1.0000000000 1.0000000000 1.0000000000 1
1.2619357149 7.6851619755 3.7800746013 0.0000000000 0.0000000000 0.0000000000 1.0000000000 1.0000000000 1.0000000000 0
7.4363154470 3.1533231331 7.7522359112 0.0000000000 0.0000000000 0.0000000000 1.0000000000 1.0000000000 1.0000000000 0
10.9358365598 6.9927161493 11.1503770374 0.0000000000 0.0000000000 0.0000000000 1.0000000000 1.0000000000 1.0000000000 0
3.6706712972 9.5802371526 5.1484511159 0.0000000000 0.0000000000 0.0000000000 1.0000000000 1.0000000000 1.0000000000 0
5.1603049243 1.7984618476 13.6116944193 0.0000000000 0.0000000000 0.0000000000 1.0000000000 1.0000000000 1.0000000000 0
8.2912442024 5.7452573798 4.4303661355 0.0000000000 0.0000000000 0.0000000000 1.0000000000 1.0000000000 1.0000000000 0
6.3828045783 0.5164931938 10.4046892550 0.0000000000 0.0000000000 0.0000000000 1.0000000000 1.0000000000 1.0000000000 0
0.6929952514 3.4442479541 0.9826012308 0.0000000000 0.0000000000 0.0000000000 1.0000000000 1.0000000000 1.0000000000 0
0.7062062809 9.3954333233 4.4707509956 0.0000000000 0.0000000000 0.0000000000 1.0000000000 1.0000000000 1.0000000000 0
7.5077678712 9.1407208333 10.4508205542 0.0000000000 0.0000000000 0.0000000000 1.0000000000 1.0000000000 1.0000000000 0
10.5742504153 6.2074392608 9.8522804718 0.0000000000 0.0000000000 0.0000000000 1.0000000000 1.0000000000 1.0000000000 0
3.7414177365 2.2488248901 3.4335627310 0.0000000000 0.0000000000 0.0000000000 1.0000000000 1.0000000000 1.0000000000 0
0.3952110416 8.5004168294 11.8480850430 0.0000000000 0.0000000000 0.0000000000 1.0000000000 1.0000000000 1.0000000000 0
0.5424328383 0.3012678055 10.0605036682 0.0000000000 0.0000000000 0.0000000000 1.0000000000 1.0000000000 1.0000000000 0
3.2140191067 10.2235155967 3.1069045890 0.0000000000 0.0000000000 0.0000000000 1.0000000000 1.0000000000 1.0000000000 0
4.1851497207 3.0513353927 9.3037490204 0.0000000000 0.0000000000 0.0000000000 1.0000000000 1.0000000000 1.0000000000 0
8.4331553585 9.2866737268 11.3384026356 0.0000000000 0.0000000000 0.0000000000 1.0000000000 1.0000000000 1.0000000000 0
1.3440160670 10.1868905732 4.9871018229 0.0000000000 0.0000000000 0.0000000000 1.0000000000 1.0000000000 1.0000000000 0
8.9830278505 1.6815437128 3.1947820602 0.0000000000 0.0000000000 0.0000000000 1.0000000000 1.0000000000 1.0000000000 0
11.1465474269 5.4799831050 1.0496222280 0.0000000000 0.0000000000 0.0000000000 1.0000000000 1.0000000000 1.0000000000 0
9.2861430257 10.4711163662 10.9318733017 0.0000000000 0.0000000000 0.0000000000 1.0000000000 1.0000000000 1.0000000000 0
1.9270431533 5.4002263787 4.8509854455 0.0000000000 0.0000000000 0.0000000000 1.0000000000 1.0000000000 1.0000000000 0
3.6746206309 1.8171501101 1.9947671491 0.0000000000 0.0000000000 0.0000000000 1.0000000000 1.0000000000 1.0000000000 0
0.5081664586 9.7953958018 19.8006217130 0.0000000000 0.0000000000 0.0000000000 1.0000000000 1.0000000000 1.0000000000 1
4.6786055488 11.1404019972 3.8471604079 0.0000000000 0.0000000000 0.0000000000 1.0000000000 1.0000000000 1.0000000000 0
2.4813283707 10.4979727056 8.5896775584 0.0000000000 0.0000000000 0.0000000000 1.0000000000 1.0000000000 1.0000000000 0
2.6519375716 0.8872718492 11.6183740994 0.0000000000 0.0000000000 0.0000000000 1.0000000000 1.0000000000 1.0000000000 0
8.7447446185 3.1601927986 9.5048510742 0.0000000000 0.0000000000 0.0000000000 1.0000000000 1.0000000000 1.0000000000 0
8.1586770297 1.9761769256 10.5187994341 0.0000000000 0.0000000000 0.0000000000 1.0000000000 1.0000000000 1.0000000000 0
6.1525532680 1.9309732423 3.1322799509 0.0000000000 0.0000000000 0.0000000000 1.0000000000 1.0000000000 1.0000000000 0
2.4176031921 3.2013311804 14.7037987377 0.0000000000 0.0000000000 0.0000000000 1.0000000000 1.0000000000 1.0000000000 0
5.3042685439 8.5073887742 2.5571423318 0.0000000000 0.0000000000 0.0000000000 1.0000000000 1.0000000000 1.0000000000 0
9.5092189180 4.0153935836 2.6859219819 0.0000000000 0.0000000000 0.0000000000 1.0000000000 1.0000000000 1.0000000000 0
1.9734662479 2.1889839296 12.4339214295 0.0000000000 0.0000000000 0.0000000000 1.0000000000 1.0000000000 1.0000000000 0
0.0360513713 3.0826242398 17.0172066134 0.0000000000 0.0000000000 0.0000000000 1.0000000000 1.0000000000 1.0000000000 0
7.2405804131 4.5902843429 2.2077644794 0.0000000000 0.0000000000 0.0000000000 1.0000000000 1.0000000000 1.0000000000 0
3.3176421395 10.1502574177 9.3581120634 0.0000000000 0.0000000000 0.0000000000 1.0000000000 1.0000000000 1.0000000000 0
9.1788461190 3.6242048539 0.0584103320 0.0000000000 0.0000000000 0.0000000000 1.0000000000 1.0000000000 1.0000000000 1
8.5964241917 7.2046509843 11.7357234160 0.0000000000 0.0000000000 0.0000000000 1.0000000000 1.0000000000 1.0000000000 0
4.8143871869 5.1757285362 9.8846923367 0.0000000000 0.0000000000 0.0000000000 1.0000000000 1.0000000000 1.0000000000 0
8.4898369792 6.9321371031 10.7308945916 0.0000000000 0.0000000000 0.0000000000 1.0000000000 1.0000000000 1.0000000000 0
8.0079252539 4.5143645955 16.3653410124 0.0000000000 0.0000000000 0.0000000000 1.0000000000 1.0000000000 1.0000000000 0
7.1534730851 3.2859958486 2.8634606944 0.0000000000 0.0000000000 0.0000000000 1.0000000000 1.0000000000 1.0000000000 0
6.7443356994 7.8618088650 9.7311159827 0.0000000000 0.0000000000 0.0000000000 1.0000000000 1.0000000000 1.0000000000 0
4.6914565361 10.8091307599 17.3931295244 0.0000000000 0.0000000000 0.0000000000 1.0000000000 1.0000000000 1.0000000000 0
3.5505710817 5.4197598075 17.1425437951 0.0000000000 0.0000000000 0.0000000000 1.0000000000 1.0000000000 1.0000000000 1
0.8428588709 9.5794907469 7.6797445650 0.0000000000 0.0000000000 0.0000000000 1.0000000000 1.0000000000 1.0000000000 0
6.8097315595 6.4999014424 15.7390081608 0.0000000000 0.0000000000 0.0000000000 1.0000000000 1.0000000000 1.0000000000 0
4.8138280115 1.1615757555 17.9369224063 0.0000000000 0.0000000000 0.0000000000 1.0000000000 1.0000000000 1.0000000000 0
3.4328728647 2.2767702556 11.2634904751 0.0000000000 0.0000000000 0.0000000000 1.0000000000 1.0000000000 1.0000000000 0
10.3060314712 6.9513231554 14.0733071745 0.0000000000 0.0000000000 0.0000000000 1.0000000000 1.0000000000 1.0000000000 0
10.8954235000 7.8719333427 8.8797078933 0.0000000000 0.0000000000 0.0000000000 1.0000000000 1.0000000000 1.0000000000 0
10.7696509558 3.8308283844 4.0748459508 0.0000000000 0.0000000000 0.0000000000 1.0000000000 1.0000000000 1.0000000000 0
6.8623308197 8.3060942936 10.5606554143 0.0000000000 0.0000000000 0.0000000000 1.0000000000 1.0000000000 1.0000000000 0
7.6236857237 10.1916046661 2.8695659531 0.0000000000 0.0000000000 0.0000000000 1.0000000000 1.0000000000 1.0000000000 0
2.3615827152 9.6927061690 15.8512647319 0.0000000000 0.0000000000 0.0000000000 1.0000000000 1.0000000000 1.0000000000 1
2.9092605012 6.0769775783 4.0789805472 0.0000000000 0.0000000000 0.0000000000 1.0000000000 1.0000000000 1.0000000000 0
4.7088765293 5.1812119429 3.3128302002 0.0000000000 0.0000000000 0.0000000000 1.0000000000 1.0000000000 1.0000000000 0
2.5019552615 0.2738229144 10.5732849371 0.0000000000 0.0000000000 0.0000000000 1.0000000000 1.0000000000 1.0000000000 0
7.1138305663 10.3383190432 10.6373342577 0.0000000000 0.0000000000 0.0000000000 1.0000000000 1.0000000000 1.0000000000 0
3.7261346317 8.7325231865 11.3455418544 0.0000000000 0.0000000000 0.0000000000 1.0000000000 1.0000000000 1.0000000000 0
10.0363928131 0.0345057995 11.3335113437 0.0000000000 0.0000000000 0.0000000000 1.0000000000 1.0000000000 1.0000000000 0
8.7732968031 7.9101153939 2.4520168464 0.0000000000 0.0000000000 0.0000000000 1.0000000000 1.0000000000 1.0000000000 0
1.0869479368 6.9378091425 12.0674001228 0.0000000000 0.0000000000 0.0000000000 1.0000000000 1.0000000000 1.0000000000 0
9.9549799546 4.0965784211 10.7982471621 0.0000000000 0.0000000000 0.0000000000 1.0000000000 1.0000000000 1.0000000000 0
1.6647427278 5.5491190606 9.4017045894 0.0000000000 0.0000000000 0.0000000000 1.0000000000 1.0000000000 1.0000000000 0
3.1552809223 3.5930002523 11.0576461707 0.0000000000 0.0000000000 0.0000000000 1.0000000000 1.0000000000 1.0000000000 0
8.3457742980 9.1838196805 16.9109435139 0.0000000000 0.0000000000 0.0000000000 1.0000000000 1.0000000000 1.0000000000 0
6.1062041331 3.0977296640 15.3035675077 0.0000000000 0.0000000000 0.0000000000 1.0000000000 1.0000000000 1.0000000000 0
10.6731191025 11.2208578633 5.5611796952 0.0000000000 0.0000000000 0.0000000000 1.0000000000 1.0000000000 1.0000000000 1
0.0541815871 4.2269669429 5.7155669565 0.0000000000 0.0000000000 0.0000000000 1.0000000000 1.0000000000 1.0000000000 0
3.7186804350 6.1626895391 11.6075041908 0.0000000000 0.0000000000 0.0000000000 1.0000000000 1.0000000000 1.0000000000 0
7.4284403995 3.2483773154 9.2936879540 0.0000000000 0.0000000000 0.0000000000 1.0000000000 1.0000000000 1.0000000000 0
5.5044005878 2.0515618193 10.5483323971 0.0000000000 0.0000000000 0.0000000000 1.0000000000 1.0000000000 1.0000000000 0
8.6580528875 5.7297542200 11.3804223627 0.0000000000 0.0000000000 0.0000000000 1.0000000000 1.0000000000 1.0000000000 0
0.3579030316 1.3766085323 9.5063757481 0.0000000000 0.0000000000 0.0000000000 1.0000000000 1.0000000000 1.0000000000 0
3.4065933156 3.7789294070 5.2751629465 0.0000000000 0.0000000000 0.0000000000 1.0000000000 1.0000000000 1.0000000000 0
10.3647310623 5.2127378166 8.9942698964 0.0000000000 0.0000000000 0.0000000000 1.0000000000 1.0000000000 1.0000000000 0
0.7289503857 1.7568922130 12.4291570103 0.0000000000 0.0000000000 0.0000000000 1.0000000000 1.0000000000 1.0000000000 0
9.6690027275 4.9526933532 10.1948124223 0.0000000000 0.0000000000 0.0000000000 1.0000000000 1.0000000000 1.0000000000 0
2.8553662311 10.5867439715 10.2365379239 0.0000000000 0.0000000000 0.0000000000 1.0000000000 1.0000000000 1.0000000000 0
9.0168364371 7.5812344409 8.2081642171 0.0000000000 0.0000000000 0.0000000000 1.0000000000 1.0000000000 1.0000000000 0
8.7289700942 8.4231638282 9.0724322847 0.0000000000 0.0000000000 0.0000000000 1.0000000000 1.0000000000 1.0000000000 0
6.1581068294 6.0645877778 9.2147053133 0.0000000000 0.0000000000 0.0000000000 1.0000000000 1.0000000000 1.0000000000 0
5.6200400249 5.0600960633 6.2171100828 0.0000000000 0.0000000000 0.0000000000 1.0000000000 1.0000000000 1.0000000000 0
9.3990717488 1.4625376842 2.1990241421 0.0000000000 0.0000000000 0.0000000000 1.0000000000 1.0000000000 1.0000000000 0
0.6283030388 2.2638941758 6.1511187658 0.0000000000 0.0000000000 0.0000000000 1.0000000000 1.0000000000 1.0000000000 0
5.8005469716 1.5364552292 2.2584424059 0.0000000000 0.0000000000 0.0000000000 1.0000000000 1.0000000000 1.0000000000 0
3.0605966514 3.1648910282 3.4448292025 0.0000000000 0.0000000000 0.0000000000 1.0000000000 1.0000000000 1.0000000000 1
1.0844498258 1.3617238867 15.2834768636 0.0000000000 0.0000000000 0.0000000000 1.0000000000 1.0000000000 1.0000000000 0
1.8042057784 2.5548444146 19.9831099540 0.0000000000 0.0000000000 0.0000000000 1.0000000000 1.0000000000 1.0000000000 0
5.0678191585 0.4661267785 5.4126513784 0.0000000000 0.0000000000 0.0000000000 1.0000000000 1.0000000000 1.0000000000 1
0.0495805707 4.9944022739 14.7583088166 0.0000000000 0.0000000000 0.0000000000 1.0000000000 1.0000000000 1.0000000000 0
7.6970250822 2.9601734110 0.2179426970 0.0000000000 0.0000000000 0.0000000000 1.0000000000 1.0000000000 1.0000000000 1
5.0968496656 0.8638562339 19.0745293815 0.0000000000 0.0000000000 0.0000000000 1.0000000000 1.0000000000 1.0000000000 0
1.7858506474 7.1989836090 4.6722530101 0.0000000000 0.0000000000 0.0000000000 1.0000000000 1.0000000000 1.0000000000 1
7.2496157436 5.4099602731 13.8432231450 0.0000000000 0.0000000000 0.0000000000 1.0000000000 1.0000000000 1.0000000000 0
0.5786949638 11.0108814205 16.7328481843 0.0000000000 0.0000000000 0.0000000000 1.0000000000 1.0000000000 1.0000000000 0
6.9275954262 9.4489453372 14.0721304122 0.0000000000 0.0000000000 0.0000000000 1.0000000000 1.0000000000 1.0000000000 0
2.9214222278 3.5474190970 12.4452416756 0.0000000000 0.0000000000 0.0000000000 1.0000000000 1.0000000000 1.0000000000 0
10.2986512104 1.9973715247 8.4474156529 0.0000000000 0.0000000000 0.0000000000 1.0000000000 1.0000000000 1.0000000000 0
