4.1518563527 3.6623956143 0.8774822707 0.0000000000 0.0000000000 0.0000000000 1.0000000000 1.0000000000 1.0000000000 0
2.8846416099 1.0598471540 14.3035863145 0.0000000000 0.0000000000 0.0000000000 1.0000000000 1.0000000000 1.0000000000 1
8.0990459760 3.7039616275 15.1451847259 0.0000000000 0.0000000000 0.0000000000 1.0000000000 1.0000000000 1.0000000000 1
5.4064626800 1.7034646482 12.6722409434 0.0000000000 0.0000000000 0.0000000000 1.0000000000 1.0000000000 1.0000000000 1
6.5692092102 1.5754503810 5.8580793632 0.0000000000 0.0000000000 0.0000000000 1.0000000000 1.0000000000 1.0000000000 1
0.5785594960 9.6188625918 1.4857970154 0.0000000000 0.0000000000 0.0000000000 1.0000000000 1.0000000000 1.0000000000 0
4.5205935162 1.2579416472 14.9814692071 0.0000000000 0.0000000000 0.0000000000 1.0000000000 1.0000000000 1.0000000000 1
2.7470484835 2.8005237974 3.1812743019 0.0000000000 0.0000000000 0.0000000000 1.0000000000 1.0000000000 1.0000000000 0
1.2582614757 0.1700018273 1.6437170909 0.0000000000 0.0000000000 0.0000000000 1.0000000000 1.0000000000 1.0000000000 0
3.0323252011 10.0287538964 14.7170397864 0.0000000000 0.0000000000 0.0000000000 1.0000000000 1.0000000000 1.0000000000 1
6.5808068171 2.9607787077 14.3618011658 0.0000000000 0.0000000000 0.0000000000 1.0000000000 1.0000000000 1.0000000000 1
0.8117613436 2.6803474323 16.4135330780 0.0000000000 0.0000000000 0.0000000000 1.0000000000 1.0000000000 1.0000000000 1
7.9702751055 10.5601572126 13.4556740381 0.0000000000 0.0000000000 0.0000000000 1.0000000000 1.0000000000 1.0000000000 1
1.9280948042 7.6529402404 13.8134134157 0.0000000000 0.0000000000 0.0000000000 1.0000000000 1.0000000000 1.0000000000 1
1.7725807440 9.4078724803 12.8471267662 0.0000000000 0.0000000000 0.0000000000 1.0000000000 1.0000000000 1.0000000000 1
7.3827862317 9.6451157513 12.9750649115 0.0000000000 0.0000000000 0.0000000000 1.0000000000 1.0000000000 1.0000000000 1
2.2145475392 8.5497053586 1.7835065893 0.0000000000 0.0000000000 0.0000000000 1.0000000000 1.0000000000 1.0000000000 0
10.4156453858 0.6977443106 16.4264122240 0.0000000000 0.0000000000 0.0000000000 1.0000000000 1.0000000000 1.0000000000 1
0.8075925449 4.6851928757 15.5903095775 0.0000000000 0.0000000000 0.0000000000 1.0000000000 1.0000000000 1.0000000000 1
5.4470970998 8.5079331148 14.7564548086 0.0000000000 0.0000000000 0.0000000000 1.0000000000 1.0000000000 1.0000000000 1
3.4993379716 9.4196588782 8.2248379507 0.0000000000 0.0000000000 0.0000000000 1.0000000000 1.0000000000 1.0000000000 1
4.6975438125 2.9016543679 1.0354637274 0.0000000000 0.0000000000 0.0000000000 1.0000000000 1.0000000000 1.0000000000 0
0.7170998690 0.4965700614 16.9620795250 0.0000000000 0.0000000000 0.0000000000 1.0000000000 1.0000000000 1.0000000000 1
2.2261483865 2.3812635104 13.6888112552 0.0000000000 0.0000000000 0.0000000000 1.0000000000 1.0000000000 1.0000000000 1
9.5447249977 7.5049762550 3.1636197754 0.0000000000 0.0000000000 0.0000000000 1.0000000000 1.0000000000 1.0000000000 1
3.8044878370 2.6440669838 14.2201382308 0.0000000000 0.0000000000 0.0000000000 1.0000000000 1.0000000000 1.0000000000 1
7.3305400561 5.4901924019 14.5638158670 0.0000000000 0.0000000000 0.0000000000 1.0000000000 1.0000000000 1.0000000000 1
1.9742416253 0.1065360032 0.6372608307 0.0000000000 0.0000000000 0.0000000000 1.0000000000 1.0000000000 1.0000000000 0
5.7966036269 10.8273744296 0.1357588131 0.0000000000 0.0000000000 0.0000000000 1.0000000000 1.0000000000 1.0000000000 0
3.2629568729 7.5141161398 13.9787804078 0.0000000000 0.0000000000 0.0000000000 1.0000000000 1.0000000000 1.0000000000 1
2.3565490797 2.5864645477 15.0970586591 0.0000000000 0.0000000000 0.0000000000 1.0000000000 1.0000000000 1.0000000000 1
2.1252639135 9.7426944744 15.7523686473 0.0000000000 0.0000000000 0.0000000000 1.0000000000 1.0000000000 1.0000000000 1
8.8104934360 1.1615318294 14.2654635219 0.0000000000 0.0000000000 0.0000000000 1.0000000000 1.0000000000 1.0000000000 1
3.1342438283 1.0982899441 19.5754932187 0.0000000000 0.0000000000 0.0000000000 1.0000000000 1.0000000000 1.0000000000 0
3.4629903386 1.3969919976 15.4167922486 0.0000000000 0.0000000000 0.0000000000 1.0000000000 1.0000000000 1.0000000000 1
9.1398324326 4.4488663536 2.2607694327 0.0000000000 0.0000000000 0.0000000000 1.0000000000 1.0000000000 1.0000000000 1
8.5578338416 0.7359542407 13.3211713699 0.0000000000 0.0000000000 0.0000000000 1.0000000000 1.0000000000 1.0000000000 1
5.7361825592 1.6389722693 3.5810017798 0.0000000000 0.0000000000 0.0000000000 1.0000000000 1.0000000000 1.0000000000 0
10.6529429618 5.7464726574 8.6417752175 0.0000000000 0.0000000000 0.0000000000 1.0000000000 1.0000000000 1.0000000000 1
10.1544108084 4.2006831911 3.0994375174 0.0000000000 0.0000000000 0.0000000000 1.0000000000 1.0000000000 1.0000000000 0
0.2283301621 4.4126058612 9.5462105186 0.0000000000 0.0000000000 0.0000000000 1.0000000000 1.0000000000 1.0000000000 1
7.7854931982 10.1309434349 4.1016323962 0.0000000000 0.0000000000 0.0000000000 1.0000000000 1.0000000000 1.0000000000 1
4.7837652680 10.6759791301 14.9477674736 0.0000000000 0.0000000000 0.0000000000 1.0000000000 1.0000000000 1.0000000000 1
5.4301309307 10.6590113287 1.0497856838 0.0000000000 0.0000000000 0.0000000000 1.0000000000 1.0000000000 1.0000000000 1
0.4193566536 8.4435414103 15.0306583995 0.0000000000 0.0000000000 0.0000000000 1.0000000000 1.0000000000 1.0000000000 1
0.3601251326 5.0563011201 16.4555965735 0.0000000000 0.0000000000 0.0000000000 1.0000000000 1.0000000000 1.0000000000 1
7.6151550562 1.3930962235 1.6952770750 0.0000000000 0.0000000000 0.0000000000 1.0000000000 1.0000000000 1.0000000000 0
4.4662461936 6.0909008685 1.4858277009 0.0000000000 0.0000000000 0.0000000000 1.0000000000 1.0000000000 1.0000000000 0
7.7039333414 9.5620667440 15.1826524487 0.0000000000 0.0000000000 0.0000000000 1.0000000000 1.0000000000 1.0000000000 1
4.1851031923 6.2379167286 16.2145930619 0.0000000000 0.0000000000 0.0000000000 1.0000000000 1.0000000000 1.0000000000 1
5.5106995805 9.4842289369 14.8656774954 0.0000000000 0.0000000000 0.0000000000 1.0000000000 1.0000000000 1.0000000000 1
4.1925813373 8.5003209191 0.9233916347 0.0000000000 0.0000000000 0.0000000000 1.0000000000 1.0000000000 1.0000000000 1
1.3879782087 8.1469271453 15.8119717971 0.0000000000 0.0000000000 0.0000000000 1.0000000000 1.0000000000 1.0000000000 1
7.1507412455 5.8441183523 16.6815955069 0.0000000000 0.0000000000 0.0000000000 1.0000000000 1.0000000000 1.0000000000 1
6.7539412309 0.1749560074 15.4294004838 0.0000000000 0.0000000000 0.0000000000 1.0000000000 1.0000000000 1.0000000000 1
5.9537592449 6.6636496424 14.8904489519 0.0000000000 0.0000000000 0.0000000000 1.0000000000 1.0000000000 1.0000000000 1
9.0567629946 5.4374374251 8.9919913698 0.0000000000 0.0000000000 0.0000000000 1.0000000000 1.0000000000 1.0000000000 1
2.9494148607 3.7336798291 1.5307851492 0.0000000000 0.0000000000 0.0000000000 1.0000000000 1.0000000000 1.0000000000 0
9.0025077574 0.4201354737 14.8485999786 0.0000000000 0.0000000000 0.0000000000 1.0000000000 1.0000000000 1.0000000000 1
8.0187310613 10.1087024896 14.2838295745 0.0000000000 0.0000000000 0.0000000000 1.0000000000 1.0000000000 1.0000000000 1
1.4004759975 8.1427130732 14.7962911039 0.0000000000 0.0000000000 0.0000000000 1.0000000000 1.0000000000 1.0000000000 1
1.3254816352 0.1130375289 5.0078196533 0.0000000000 0.0000000000 0.0000000000 1.0000000000 1.0000000000 1.0000000000 1
5.0905728882 8.3494741309 19.3441815159 0.0000000000 0.0000000000 0.0000000000 1.0000000000 1.0000000000 1.0000000000 0
10.8033809026 6.3302315426 14.4172333927 0.0000000000 0.0000000000 0.0000000000 1.0000000000 1.0000000000 1.0000000000 1
10.4747689097 8.6689188397 19.7748180469 0.0000000000 0.0000000000 0.0000000000 1.0000000000 1.0000000000 1.0000000000 0
9.1626477842 6.3849334876 2.8366247859 0.0000000000 0.0000000000 0.0000000000 1.0000000000 1.0000000000 1.0000000000 1
3.6409437952 10.6253013240 16.5303052516 0.0000000000 0.0000000000 0.0000000000 1.0000000000 1.0000000000 1.0000000000 1
5.5150984779 1.0707939993 4.9708080579 0.0000000000 0.0000000000 0.0000000000 1.0000000000 1.0000000000 1.0000000000 1
1.4902835364 4.3324408879 16.2745126904 0.0000000000 0.0000000000 0.0000000000 1.0000000000 1.0000000000 1.0000000000 1
10.5569512275 9.2642042523 1.7074712023 0.0000000000 0.0000000000 0.0000000000 1.0000000000 1.0000000000 1.0000000000 0
0.0186691088 7.9871752547 3.8108204753 0.0000000000 0.0000000000 0.0000000000 1.0000000000 1.0000000000 1.0000000000 0
6.1944440625 0.5214971847 13.2204938749 0.0000000000 0.0000000000 0.0000000000 1.0000000000 1.0000000000 1.0000000000 1
8.6271598946 10.0015985023 15.2011356777 0.0000000000 0.0000000000 0.0000000000 1.0000000000 1.0000000000 1.0000000000 1
5.4652891862 2.6651985865 13.5045663392 0.0000000000 0.0000000000 0.0000000000 1.0000000000 1.0000000000 1.0000000000 1
0.0555183688 7.5775480075 19.7888422682 0.0000000000 0.0000000000 0.0000000000 1.0000000000 1.0000000000 1.0000000000 1
10.5696953161 2.5372072091 16.2463808123 0.0000000000 0.0000000000 0.0000000000 1.0000000000 1.0000000000 1.0000000000 1
4.5207773145 8.3080012004 7.1198063393 0.0000000000 0.0000000000 0.0000000000 1.0000000000 1.0000000000 1.0000000000 1
3.5412795083 10.2726075611 0.5187339677 0.0000000000 0.0000000000 0.0000000000 1.0000000000 1.0000000000 1.0000000000 0
4.3448420244 8.1016401905 13.8962069230 0.0000000000 0.0000000000 0.0000000000 1.0000000000 1.0000000000 1.0000000000 1
2.9859063208 8.0362849785 14.9527425558 0.0000000000 0.0000000000 0.0000000000 1.0000000000 1.0000000000 1.0000000000 1
2.9461908631 8.7512627792 2.3852682060 0.0000000000 0.0000000000 0.0000000000 1.0000000000 1.0000000000 1.0000000000 0
5.9718466763 3.4635804316 9.5449737534 0.0000000000 0.0000000000 0.0000000000 1.0000000000 1.0000000000 1.0000000000 0
7.3514313132 0.2582127190 16.2680096602 0.0000000000 0.0000000000 0.0000000000 1.0000000000 1.0000000000 1.0000000000 1
3.2057370275 2.4214123424 10.2327501503 0.0000000000 0.0000000000 0.0000000000 1.0000000000 1.0000000000 1.0000000000 1
4.7861674510 2.0756903214 13.9507707968 0.0000000000 0.0000000000 0.0000000000 1.0000000000 1.0000000000 1.0000000000 1
6.2373463583 9.7940939164 4.0720720746 0.0000000000 0.0000000000 0.0000000000 1.0000000000 1.0000000000 1.0000000000 1
0.7506954499 4.2361136608 14.6162787868 0.0000000000 0.0000000000 0.0000000000 1.0000000000 1.0000000000 1.0000000000 1
0.3424930655 5.7176920731 4.8358416444 0.0000000000 0.0000000000 0.0000000000 1.0000000000 1.0000000000 1.0000000000 1
5.0029730207 5.7785061562 9.5230643922 0.0000000000 0.0000000000 0.0000000000 1.0000000000 1.0000000000 1.0000000000 1
10.0300560335 5.0836494046 0.3276469815 0.0000000000 0.0000000000 0.0000000000 1.0000000000 1.0000000000 1.0000000000 1
1.5248837035 3.1971447674 8.0382380679 0.0000000000 0.0000000000 0.0000000000 1.0000000000 1.0000000000 1.0000000000 1
7.7748075530 3.2632069134 17.1562708131 0.0000000000 0.0000000000 0.0000000000 1.0000000000 1.0000000000 1.0000000000 1
7.2027468168 0.7443286904 14.3668913402 0.0000000000 0.0000000000 0.0000000000 1.0000000000 1.0000000000 1.0000000000 1
6.5856459909 0.8237603797 0.4194166778 0.0000000000 0.0000000000 0.0000000000 1.0000000000 1.0000000000 1.0000000000 0
7.2213198311 3.3448847896 4.4953926853 0.0000000000 0.0000000000 0.0000000000 1.0000000000 1.0000000000 1.0000000000 1
2.3335457565 4.5104118867 13.7433698285 0.0000000000 0.0000000000 0.0000000000 1.0000000000 1.0000000000 1.0000000000 1
4.4984218191 6.9388002089 13.2640415480 0.0000000000 0.0000000000 0.0000000000 1.0000000000 1.0000000000 1.0000000000 1
4.3594792057 7.4103745235 15.0076423870 0.0000000000 0.0000000000 0.0000000000 1.0000000000 1.0000000000 1.0000000000 1
9.2015315118 4.4344168284 4.1978793659 0.0000000000 0.0000000000 0.0000000000 1.0000000000 1.0000000000 1.0000000000 1
6.0916393711 10.2647425882 14.4652763722 0.0000000000 0.0000000000 0.0000000000 1.0000000000 1.0000000000 1.0000000000 1
8.5914522790 4.0706130996 14.2415266340 0.0000000000 0.0000000000 0.0000000000 1.0000000000 1.0000000000 1.0000000000 1
5.2944465391 7.3911140108 14.5656649073 0.0000000000 0.0000000000 0.0000000000 1.0000000000 1.0000000000 1.0000000000 1
7.4404059960 1.2706053323 19.9411656694 0.0000000000 0.0000000000 0.0000000000 1.0000000000 1.0000000000 1.0000000000 0
5.6737736794 0.5967233340 15.6839376273 0.0000000000 0.0000000000 0.0000000000 1.0000000000 1.0000000000 1.0000000000 1
0.1702381252 8.7369209801 3.0912967038 0.0000000000 0.0000000000 0.0000000000 1.0000000000 1.0000000000 1.0000000000 1
4.3392249171 7.8788726433 8.4036687326 0.0000000000 0.0000000000 0.0000000000 1.0000000000 1.0000000000 1.0000000000 1
2.1063919292 7.9270101335 8.0986991840 0.0000000000 0.0000000000 0.0000000000 1.0000000000 1.0000000000 1.0000000000 1
6.5207843091 2.3698315319 13.0115427376 0.0000000000 0.0000000000 0.0000000000 1.0000000000 1.0000000000 1.0000000000 1
1.0449747407 6.5896751145 0.4813691619 0.0000000000 0.0000000000 0.0000000000 1.0000000000 1.0000000000 1.0000000000 0
8.8062730072 3.7213779053 4.8318275688 0.0000000000 0.0000000000 0.0000000000 1.0000000000 1.0000000000 1.0000000000 0
6.0324806739 4.5578485858 15.4855432896 0.0000000000 0.0000000000 0.0000000000 1.0000000000 1.0000000000 1.0000000000 1
10.1092784041 6.2789253360 4.7899553047 0.0000000000 0.0000000000 0.0000000000 1.0000000000 1.0000000000 1.0000000000 1
2.8350443826 3.5029842401 4.1950183177 0.0000000000 0.0000000000 0.0000000000 1.0000000000 1.0000000000 1.0000000000 0
7.6922002042 6.3451381746 14.9136635006 0.0000000000 0.0000000000 0.0000000000 1.0000000000 1.0000000000 1.0000000000 1
3.3299643524 3.8698468103 13.7602979716 0.0000000000 0.0000000000 0.0000000000 1.0000000000 1.0000000000 1.0000000000 1
2.8426463412 6.7376318423 5.9166733096 0.0000000000 0.0000000000 0.0000000000 1.0000000000 1.0000000000 1.0000000000 1
5.3523503218 3.4728104656 15.8102332453 0.0000000000 0.0000000000 0.0000000000 1.0000000000 1.0000000000 1.0000000000 1
6.1922808194 7.6703944666 14.9724695033 0.0000000000 0.0000000000 0.0000000000 1.0000000000 1.0000000000 1.0000000000 1
7.9996376213 4.6557468507 7.6087787503 0.0000000000 0.0000000000 0.0000000000 1.0000000000 1.0000000000 1.0000000000 1
5.2393197086 6.0038414515 14.4271872621 0.0000000000 0.0000000000 0.0000000000 1.0000000000 1.0000000000 1.0000000000 1
9.9678768580 4.8531599458 15.8972750840 0.0000000000 0.0000000000 0.0000000000 1.0000000000 1.0000000000 1.0000000000 1
8.7038209218 0.7612365624 1.0956154518 0.0000000000 0.0000000000 0.0000000000 1.0000000000 1.0000000000 1.0000000000 0
2.1384895199 1.9200817014 0.7415376710 0.0000000000 0.0000000000 0.0000000000 1.0000000000 1.0000000000 1.0000000000 0
8.0389783025 8.9103344188 14.1740788284 0.0000000000 0.0000000000 0.0000000000 1.0000000000 1.0000000000 1.0000000000 1
7.0516649937 6.4016399053 19.5978823755 0.0000000000 0.0000000000 0.0000000000 1.0000000000 1.0000000000 1.0000000000 0
1.2075565618 1.9403614955 14.6140148999 0.0000000000 0.0000000000 0.0000000000 1.0000000000 1.0000000000 1.0000000000 1
6.4716044252 3.6074072269 15.6293476545 0.0000000000 0.0000000000 0.0000000000 1.0000000000 1.0000000000 1.0000000000 1
9.5865191334 6.4777689223 1.7079071593 0.0000000000 0.0000000000 0.0000000000 1.0000000000 1.0000000000 1.0000000000 0
4.9926251003 5.4100917595 15.1803626710 0.0000000000 0.0000000000 0.0000000000 1.0000000000 1.0000000000 1.0000000000 1
6.6359830562 7.2249957233 14.1796292111 0.0000000000 0.0000000000 0.0000000000 1.0000000000 1.0000000000 1.0000000000 1
1.8651124752 7.1452360471 15.9045383546 0.0000000000 0.0000000000 0.0000000000 1.0000000000 1.0000000000 1.0000000000 1
7.0282945637 5.8499982088 15.5536646873 0.0000000000 0.0000000000 0.0000000000 1.0000000000 1.0000000000 1.0000000000 1
3.4332398761 7.1599300117 8.4780822015 0.0000000000 0.0000000000 0.0000000000 1.0000000000 1.0000000000 1.0000000000 1
0.7292164443 10.7669539395 14.7675731486 0.0000000000 0.0000000000 0.0000000000 1.0000000000 1.0000000000 1.0000000000 1
6.1079399714 4.9778617664 3.0998316501 0.0000000000 0.0000000000 0.0000000000 1.0000000000 1.0000000000 1.0000000000 0
5.9254602815 5.0764644682 8.0339739553 0.0000000000 0.0000000000 0.0000000000 1.0000000000 1.0000000000 1.0000000000 1
3.7813023349 4.0888217024 15.0954152154 0.0000000000 0.0000000000 0.0000000000 1.0000000000 1.0000000000 1.0000000000 1
8.5109763003 1.6140152071 10.2464124337 0.0000000000 0.0000000000 0.0000000000 1.0000000000 1.0000000000 1.0000000000 1
0.6933714587 8.3850209280 1.8987293717 0.0000000000 0.0000000000 0.0000000000 1.0000000000 1.0000000000 1.0000000000 0
5.5061569275 6.7158234930 8.6484422457 0.0000000000 0.0000000000 0.0000000000 1.0000000000 1.0000000000 1.0000000000 1
1.4696444184 2.0117738896 1.6638186941 0.0000000000 0.0000000000 0.0000000000 1.0000000000 1.0000000000 1.0000000000 0
4.7315304592 0.7593140690 4.0344881055 0.0000000000 0.0000000000 0.0000000000 1.0000000000 1.0000000000 1.0000000000 1
5.1990800871 5.5057114757 18.4740388076 0.0000000000 0.0000000000 0.0000000000 1.0000000000 1.0000000000 1.0000000000 1
8.4927993224 10.7195916948 3.0014658266 0.0000000000 0.0000000000 0.0000000000 1.0000000000 1.0000000000 1.0000000000 0
5.1963526247 3.9001479422 1.3196424011 0.0000000000 0.0000000000 0.0000000000 1.0000000000 1.0000000000 1.0000000000 0
8.0162128541 5.8529790486 1.3092012689 0.0000000000 0.0000000000 0.0000000000 1.0000000000 1.0000000000 1.0000000000 0
6.5327079395 1.5893405812 4.4409344733 0.0000000000 0.0000000000 0.0000000000 1.0000000000 1.0000000000 1.0000000000 0
4.0715541737 6.1223224210 14.2624307896 0.0000000000 0.0000000000 0.0000000000 1.0000000000 1.0000000000 1.0000000000 1
2.3321292236 10.4314595168 8.7926700892 0.0000000000 0.0000000000 0.0000000000 1.0000000000 1.0000000000 1.0000000000 1
6.7442603946 8.6974686113 8.9997280523 0.0000000000 0.0000000000 0.0000000000 1.0000000000 1.0000000000 1.0000000000 1
2.3269596483 10.7344414418 15.1224929269 0.0000000000 0.0000000000 0.0000000000 1.0000000000 1.0000000000 1.0000000000 1
1.3972559582 2.5987519412 0.0153086740 0.0000000000 0.0000000000 0.0000000000 1.0000000000 1.0000000000 1.0000000000 0
9.4861263193 3.8672043806 14.5360494149 0.0000000000 0.0000000000 0.0000000000 1.0000000000 1.0000000000 1.0000000000 1
8.5245159625 2.5396906979 15.9498423836 0.0000000000 0.0000000000 0.0000000000 1.0000000000 1.0000000000 1.0000000000 1
9.2329799172 5.9151176503 15.7656990530 0.0000000000 0.0000000000 0.0000000000 1.0000000000 1.0000000000 1.0000000000 1
10.6103277217 2.6199879140 15.2399934090 0.0000000000 0.0000000000 0.0000000000 1.0000000000 1.0000000000 1.0000000000 1
1.7707179556 2.5614923271 16.0391695048 0.0000000000 0.0000000000 0.0000000000 1.0000000000 1.0000000000 1.0000000000 1
10.6430906846 1.6083815022 1.1106553149 0.0000000000 0.0000000000 0.0000000000 1.0000000000 1.0000000000 1.0000000000 1
0.2596942858 5.1206616935 14.6729752914 0.0000000000 0.0000000000 0.0000000000 1.0000000000 1.0000000000 1.0000000000 1
3.9200266165 5.3733907337 8.9184821175 0.0000000000 0.0000000000 0.0000000000 1.0000000000 1.0000000000 1.0000000000 1
9.9275456109 8.0867385517 15.5042815776 0.0000000000 0.0000000000 0.0000000000 1.0000000000 1.0000000000 1.0000000000 1
5.6435281535 0.8194509474 9.8680239768 0.0000000000 0.0000000000 0.0000000000 1.0000000000 1.0000000000 1.0000000000 1
1.2401277115 6.5735328075 8.1583855696 0.0000000000 0.0000000000 0.0000000000 1.0000000000 1.0000000000 1.0000000000 1
7.0065954480 9.0595097299 3.2235757859 0.0000000000 0.0000000000 0.0000000000 1.0000000000 1.0000000000 1.0000000000 1
5.6855739281 9.0177507673 9.6982607831 0.0000000000 0.0000000000 0.0000000000 1.0000000000 1.0000000000 1.0000000000 1
5.8895939314 8.2459816018 7.5827836839 0.0000000000 0.0000000000 0.0000000000 1.0000000000 1.0000000000 1.0000000000 1
8.1971179839 3.0857395024 18.0789270499 0.0000000000 0.0000000000 0.0000000000 1.0000000000 1.0000000000 1.0000000000 1
5.4102975829 1.1248111540 13.7001687282 0.0000000000 0.0000000000 0.0000000000 1.0000000000 1.0000000000 1.0000000000 1
8.7892306930 4.7743538929 15.0962650389 0.0000000000 0.0000000000 0.0000000000 1.0000000000 1.0000000000 1.0000000000 1
9.6280919328 2.4822475284 14.2570522520 0.0000000000 0.0000000000 0.0000000000 1.0000000000 1.0000000000 1.0000000000 1
9.4403982083 0.9107156802 17.7620728078 0.0000000000 0.0000000000 0.0000000000 1.0000000000 1.0000000000 1.0000000000 1
2.6750811755 5.2512141371 14.7415509139 0.0000000000 0.0000000000 0.0000000000 1.0000000000 1.0000000000 1.0000000000 1
6.5724760577 8.5096156095 15.2558628527 0.0000000000 0.0000000000 0.0000000000 1.0000000000 1.0000000000 1.0000000000 1
6.4611894754 8.6966084321 0.7598388969 0.0000000000 0.0000000000 0.0000000000 1.0000000000 1.0000000000 1.0000000000 0
0.8479798221 1.5912994717 12.7708838644 0.0000000000 0.0000000000 0.0000000000 1.0000000000 1.0000000000 1.0000000000 1
3.3730769438 1.3529986308 12.3148375358 0.0000000000 0.0000000000 0.0000000000 1.0000000000 1.0000000000 1.0000000000 1
10.3512150322 2.5402546967 1.6609299152 0.0000000000 0.0000000000 0.0000000000 1.0000000000 1.0000000000 1.0000000000 0
5.8630880087 1.6028418395 15.5781030135 0.0000000000 0.0000000000 0.0000000000 1.0000000000 1.0000000000 1.0000000000 1
3.3920644577 8.8671377857 15.2262613479 0.0000000000 0.0000000000 0.0000000000 1.0000000000 1.0000000000 1.0000000000 1
5.4929533731 8.1117727559 13.7807663329 0.0000000000 0.0000000000 0.0000000000 1.0000000000 1.0000000000 1.0000000000 1
7.8556961134 4.5871475935 1.6026099359 0.0000000000 0.0000000000 0.0000000000 1.0000000000 1.0000000000 1.0000000000 0
7.5413646244 10.7234901300 19.6772596743 0.0000000000 0.0000000000 0.0000000000 1.0000000000 1.0000000000 1.0000000000 0
2.3799895171 1.5704531327 11.4724278180 0.0000000000 0.0000000000 0.0000000000 1.0000000000 1.0000000000 1.0000000000 1
1.4016463293 5.4805306651 8.3528174528 0.0000000000 0.0000000000 0.0000000000 1.0000000000 1.0000000000 1.0000000000 1
2.5011521335 3.5176053451 15.9421956651 0.0000000000 0.0000000000 0.0000000000 1.0000000000 1.0000000000 1.0000000000 1
6.0265318572 10.3674265322 16.3018113553 0.0000000000 0.0000000000 0.0000000000 1.0000000000 1.0000000000 1.0000000000 1
4.9317537950 8.2458669678 1.7840515809 0.0000000000 0.0000000000 0.0000000000 1.0000000000 1.0000000000 1.0000000000 0
0.4096595281 3.8163017990 16.2728888365 0.0000000000 0.0000000000 0.0000000000 1.0000000000 1.0000000000 1.0000000000 1
3.6312716139 2.4528289440 2.1278219563 0.0000000000 0.0000000000 0.0000000000 1.0000000000 1.0000000000 1.0000000000 0
9.0031647847 1.0412362450 16.6126565562 0.0000000000 0.0000000000 0.0000000000 1.0000000000 1.0000000000 1.0000000000 1
1.1371133257 9.3467465230 10.5841986594 0.0000000000 0.0000000000 0.0000000000 1.0000000000 1.0000000000 1.0000000000 1
5.4042151703 6.7083152349 13.6344620686 0.0000000000 0.0000000000 0.0000000000 1.0000000000 1.0000000000 1.0000000000 1
6.7778173165 6.1644005616 8.5190562515 0.0000000000 0.0000000000 0.0000000000 1.0000000000 1.0000000000 1.0000000000 1
10.6393897461 10.2211157892 14.9124229303 0.0000000000 0.0000000000 0.0000000000 1.0000000000 1.0000000000 1.0000000000 1
0.3057798925 7.1595805340 13.6967321054 0.0000000000 0.0000000000 0.0000000000 1.0000000000 1.0000000000 1.0000000000 1
3.0764611086 8.0443830190 10.0824771465 0.0000000000 0.0000000000 0.0000000000 1.0000000000 1.0000000000 1.0000000000 1
0.8221631624 1.3386164137 2.0579939324 0.0000000000 0.0000000000 0.0000000000 1.0000000000 1.0000000000 1.0000000000 0
6.1158444176 7.2376441455 19.7527900855 0.0000000000 0.0000000000 0.0000000000 1.0000000000 1.0000000000 1.0000000000 1
1.3205442803 4.4969486818 3.5333499543 0.0000000000 0.0000000000 0.0000000000 1.0000000000 1.0000000000 1.0000000000 0
1.5917775709 5.0034053820 4.3496796099 0.0000000000 0.0000000000 0.0000000000 1.0000000000 1.0000000000 1.0000000000 1
3.0071440572 5.7710913141 2.8612346146 0.0000000000 0.0000000000 0.0000000000 1.0000000000 1.0000000000 1.0000000000 1
9.5774765759 10.2644772970 19.6485955748 0.0000000000 0.0000000000 0.0000000000 1.0000000000 1.0000000000 1.0000000000 0
5.5328025285 10.3717370644 12.6784897714 0.0000000000 0.0000000000 0.0000000000 1.0000000000 1.0000000000 1.0000000000 1
4.0145613491 7.0931997984 2.1573491878 0.0000000000 0.0000000000 0.0000000000 1.0000000000 1.0000000000 1.0000000000 0
9.0224905156 3.7169603133 10.2563637689 0.0000000000 0.0000000000 0.0000000000 1.0000000000 1.0000000000 1.0000000000 1
10.3975303360 8.9869644719 16.1813123271 0.0000000000 0.0000000000 0.0000000000 1.0000000000 1.0000000000 1.0000000000 1
8.4755504172 8.9160880909 15.3870495033 0.0000000000 0.0000000000 0.0000000000 1.0000000000 1.0000000000 1.0000000000 1
8.3449605104 9.9858809107 12.5886356586 0.0000000000 0.0000000000 0.0000000000 1.0000000000 1.0000000000 1.0000000000 1
4.2154011326 5.0780893003 16.3587249896 0.0000000000 0.0000000000 0.0000000000 1.0000000000 1.0000000000 1.0000000000 1
1.2027279043 10.6746333262 16.1727361266 0.0000000000 0.0000000000 0.0000000000 1.0000000000 1.0000000000 1.0000000000 1
3.6973381891 0.2350945432 5.0663970048 0.0000000000 0.0000000000 0.0000000000 1.0000000000 1.0000000000 1.0000000000 0
5.9737139062 4.2272411378 13.4654188859 0.0000000000 0.0000000000 0.0000000000 1.0000000000 1.0000000000 1.0000000000 1
8.0118397741 1.2474790626 15.6197843998 0.0000000000 0.0000000000 0.0000000000 1.0000000000 1.0000000000 1.0000000000 1
7.1565849587 7.7409538186 15.8352446198 0.0000000000 0.0000000000 0.0000000000 1.0000000000 1.0000000000 1.0000000000 1
10.8474918125 7.3184770199 15.3010882756 0.0000000000 0.0000000000 0.0000000000 1.0000000000 1.0000000000 1.0000000000 1
4.9588108847 2.5402795622 2.7357608774 0.0000000000 0.0000000000 0.0000000000 1.0000000000 1.0000000000 1.0000000000 0
8.6808789392 2.7567042185 2.6521402256 0.0000000000 0.0000000000 0.0000000000 1.0000000000 1.0000000000 1.0000000000 1
8.4717215308 3.6610744696 3.1839617081 0.0000000000 0.0000000000 0.0000000000 1.0000000000 1.0000000000 1.0000000000 0
0.1907284091 8.7972144929 14.0697115900 0.0000000000 0.0000000000 0.0000000000 1.0000000000 1.0000000000 1.0000000000 1
9.9120746244 9.5596000843 14.7255722528 0.0000000000 0.0000000000 0.0000000000 1.0000000000 1.0000000000 1.0000000000 1
3.7480165501 0.4029076533 13.8567964365 0.0000000000 0.0000000000 0.0000000000 1.0000000000 1.0000000000 1.0000000000 1
5.2380759801 2.1048769066 14.8929071276 0.0000000000 0.0000000000 0.0000000000 1.0000000000 1.0000000000 1.0000000000 1
1.9820507612 5.2584191602 9.8036605661 0.0000000000 0.0000000000 0.0000000000 1.0000000000 1.0000000000 1.0000000000 1
3.3447945941 5.2038831490 13.7590397456 0.0000000000 0.0000000000 0.0000000000 1.0000000000 1.0000000000 1.0000000000 1
4.9469864162 9.6368141920 16.1345402065 0.0000000000 0.0000000000 0.0000000000 1.0000000000 1.0000000000 1.0000000000 1
6.5534609111 3.5725838552 19.9987652411 0.0000000000 0.0000000000 0.0000000000 1.0000000000 1.0000000000 1.0000000000 1
4.4235785310 9.6661283331 15.2720218418 0.0000000000 0.0000000000 0.0000000000 1.0000000000 1.0000000000 1.0000000000 1
7.0379347939 2.8977670640 7.8676683281 0.0000000000 0.0000000000 0.0000000000 1.0000000000 1.0000000000 1.0000000000 1
9.1878274454 9.1658132513 13.9259521173 0.0000000000 0.0000000000 0.0000000000 1.0000000000 1.0000000000 1.0000000000 1
4.6305377038 9.6107090621 9.4169843390 0.0000000000 0.0000000000 0.0000000000 1.0000000000 1.0000000000 1.0000000000 1
4.6240754983 3.0569694044 15.0227732742 0.0000000000 0.0000000000 0.0000000000 1.0000000000 1.0000000000 1.0000000000 1
0.4880424292 0.9533447564 14.8251527598 0.0000000000 0.0000000000 0.0000000000 1.0000000000 1.0000000000 1.0000000000 1
10.3253891091 3.7019010637 4.4485960462 0.0000000000 0.0000000000 0.0000000000 1.0000000000 1.0000000000 1.0000000000 1
5.9862546727 8.0668866112 16.0223241908 0.0000000000 0.0000000000 0.0000000000 1.0000000000 1.0000000000 1.0000000000 1
10.0767216730 5.2503509172 1.8114125846 0.0000000000 0.0000000000 0.0000000000 1.0000000000 1.0000000000 1.0000000000 1
0.1077672856 4.6128344650 3.8962718000 0.0000000000 0.0000000000 0.0000000000 1.0000000000 1.0000000000 1.0000000000 0
3.2321068573 7.7797746527 1.4440522913 0.0000000000 0.0000000000 0.0000000000 1.0000000000 1.0000000000 1.0000000000 0
9.7582336995 7.6330219224 2.0039517819 0.0000000000 0.0000000000 0.0000000000 1.0000000000 1.0000000000 1.0000000000 0
9.6259485918 10.3933558307 15.8447979310 0.0000000000 0.0000000000 0.0000000000 1.0000000000 1.0000000000 1.0000000000 1
10.3804394688 4.5081378516 14.9034794836 0.0000000000 0.0000000000 0.0000000000 1.0000000000 1.0000000000 1.0000000000 1
2.1320312643 7.1369556317 14.7850535451 0.0000000000 0.0000000000 0.0000000000 1.0000000000 1.0000000000 1.0000000000 1
8.5011832179 2.3505650422 19.5267274710 0.0000000000 0.0000000000 0.0000000000 1.0000000000 1.0000000000 1.0000000000 1
4.4561224706 10.4806609717 4.2858866302 0.0000000000 0.0000000000 0.0000000000 1.0000000000 1.0000000000 1.0000000000 1
3.3845614288 5.6970880760 15.1385065257 0.0000000000 0.0000000000 0.0000000000 1.0000000000 1.0000000000 1.0000000000 1
1.7332278501 0.7646103272 15.9259974964 0.0000000000 0.0000000000 0.0000000000 1.0000000000 1.0000000000 1.0000000000 1
9.3068035583 9.4126973275 1.9816983342 0.0000000000 0.0000000000 0.0000000000 1.0000000000 1.0000000000 1.0000000000 1
3.1256888053 6.0270538897 19.8496006676 0.0000000000 0.0000000000 0.0000000000 1.0000000000 1.0000000000 1.0000000000 0
5.0876394914 8.5083371920 15.7669103948 0.0000000000 0.0000000000 0.0000000000 1.0000000000 1.0000000000 1.0000000000 1
3.3451358593 0.8700184299 2.3526314782 0.0000000000 0.0000000000 0.0000000000 1.0000000000 1.0000000000 1.0000000000 0
1.1105017504 9.8873610685 6.1309439377 0.0000000000 0.0000000000 0.0000000000 1.0000000000 1.0000000000 1.0000000000 1
5.9463825176 3.7598123322 14.8477986585 0.0000000000 0.0000000000 0.0000000000 1.0000000000 1.0000000000 1.0000000000 1
5.9253139396 0.6828432963 14.7221627971 0.0000000000 0.0000000000 0.0000000000 1.0000000000 1.0000000000 1.0000000000 1
3.1092833007 5.6248747817 16.4257323547 0.0000000000 0.0000000000 0.0000000000 1.0000000000 1.0000000000 1.0000000000 1
8.3419620979 9.1175614327 13.3144002764 0.0000000000 0.0000000000 0.0000000000 1.0000000000 1.0000000000 1.0000000000 1
9.4194612295 0.6236965403 3.9657185793 0.0000000000 0.0000000000 0.0000000000 1.0000000000 1.0000000000 1.0000000000 1
4.7629302736 9.6031058520 2.7413762300 0.0000000000 0.0000000000 0.0000000000 1.0000000000 1.0000000000 1.0000000000 0
6.6907102305 2.0490346559 2.5679067686 0.0000000000 0.0000000000 0.0000000000 1.0000000000 1.0000000000 1.0000000000 0
0.4089944668 2.5205830558 19.9906419797 0.0000000000 0.0000000000 0.0000000000 1.0000000000 1.0000000000 1.0000000000 1
1.6874122971 1.1649988198 14.1885709411 0.0000000000 0.0000000000 0.0000000000 1.0000000000 1.0000000000 1.0000000000 1
7.3894634977 6.1432875843 0.6041005309 0.0000000000 0.0000000000 0.0000000000 1.0000000000 1.0000000000 1.0000000000 0
2.2640838613 10.4370871667 13.6562174921 0.0000000000 0.0000000000 0.0000000000 1.0000000000 1.0000000000 1.0000000000 1
7.8365780957 6.4488461057 13.7775264799 0.0000000000 0.0000000000 0.0000000000 1.0000000000 1.0000000000 1.0000000000 1
1.0142585081 9.5125468394 13.9960014432 0.0000000000 0.0000000000 0.0000000000 1.0000000000 1.0000000000 1.0000000000 1
0.1296475657 6.7676328497 3.0351825683 0.0000000000 0.0000000000 0.0000000000 1.0000000000 1.0000000000 1.0000000000 0
9.5924733515 7.5528058679 9.1975960792 0.0000000000 0.0000000000 0.0000000000 1.0000000000 1.0000000000 1.0000000000 1
6.7801019558 6.9526400729 15.7319775348 0.0000000000 0.0000000000 0.0000000000 1.0000000000 1.0000000000 1.0000000000 1
2.1910259351 3.4361917680 0.8439677976 0.0000000000 0.0000000000 0.0000000000 1.0000000000 1.0000000000 1.0000000000 0
5.1851452080 3.6272545307 14.1677432182 0.0000000000 0.0000000000 0.0000000000 1.0000000000 1.0000000000 1.0000000000 1
7.8242081143 0.3613519333 1.4303627441 0.0000000000 0.0000000000 0.0000000000 1.0000000000 1.0000000000 1.0000000000 0
8.9222591584 1.5626264255 15.1907824933 0.0000000000 0.0000000000 0.0000000000 1.0000000000 1.0000000000 1.0000000000 1
8.1207629606 5.0318317098 12.1605445942 0.0000000000 0.0000000000 0.0000000000 1.0000000000 1.0000000000 1.0000000000 1
8.7980881792 1.3879899029 19.7335431433 0.0000000000 0.0000000000 0.0000000000 1.0000000000 1.0000000000 1.0000000000 1
2.9836530507 10.8047547972 1.5061788373 0.0000000000 0.0000000000 0.0000000000 1.0000000000 1.0000000000 1.0000000000 0
2.3611372530 7.4331292417 0.9373791425 0.0000000000 0.0000000000 0.0000000000 1.0000000000 1.0000000000 1.0000000000 0
9.4549557272 9.4068841915 0.7308603465 0.0000000000 0.0000000000 0.0000000000 1.0000000000 1.0000000000 1.0000000000 0
8.1930728463 5.1940932695 14.0549300535 0.0000000000 0.0000000000 0.0000000000 1.0000000000 1.0000000000 1.0000000000 1
0.8452362821 7.4200921602 14.5717519881 0.0000000000 0.0000000000 0.0000000000 1.0000000000 1.0000000000 1.0000000000 1
0.4667876494 6.3717346102 15.4443111550 0.0000000000 0.0000000000 0.0000000000 1.0000000000 1.0000000000 1.0000000000 1
9.0807155565 4.6090802878 1.1117440874 0.0000000000 0.0000000000 0.0000000000 1.0000000000 1.0000000000 1.0000000000 1
7.6581801780 6.9492877753 2.2706965229 0.0000000000 0.0000000000 0.0000000000 1.0000000000 1.0000000000 1.0000000000 0
7.0700466712 0.6148128717 3.4483766583 0.0000000000 0.0000000000 0.0000000000 1.0000000000 1.0000000000 1.0000000000 0
8.7192958140 2.9691437753 14.7332761017 0.0000000000 0.0000000000 0.0000000000 1.0000000000 1.0000000000 1.0000000000 1
9.6726889163 0.7233505842 15.5002485990 0.0000000000 0.0000000000 0.0000000000 1.0000000000 1.0000000000 1.0000000000 1
9.4623041227 1.9343298890 2.4878875103 0.0000000000 0.0000000000 0.0000000000 1.0000000000 1.0000000000 1.0000000000 0
0.5600691571 0.4619503346 12.0289586092 0.0000000000 0.0000000000 0.0000000000 1.0000000000 1.0000000000 1.0000000000 1
4.4700022605 0.9542196518 1.0337542949 0.0000000000 0.0000000000 0.0000000000 1.0000000000 1.0000000000 1.0000000000 0
8.6612430417 8.6095722732 8.9309760671 0.0000000000 0.0000000000 0.0000000000 1.0000000000 1.0000000000 1.0000000000 1
7.6470179678 2.0170652461 16.2710742754 0.0000000000 0.0000000000 0.0000000000 1.0000000000 1.0000000000 1.0000000000 1
0.8772980384 4.6596729986 11.9620600075 0.0000000000 0.0000000000 0.0000000000 1.0000000000 1.0000000000 1.0000000000 1
1.3703953467 7.5007917892 2.6308314765 0.0000000000 0.0000000000 0.0000000000 1.0000000000 1.0000000000 1.0000000000 0
3.6808299951 2.6970714811 0.3592531411 0.0000000000 0.0000000000 0.0000000000 1.0000000000 1.0000000000 1.0000000000 0
3.3018183106 0.9227273763 0.6696250450 0.0000000000 0.0000000000 0.0000000000 1.0000000000 1.0000000000 1.0000000000 1
6.0532915439 3.3560093649 8.6726864982 0.0000000000 0.0000000000 0.0000000000 1.0000000000 1.0000000000 1.0000000000 1
10.0812994696 7.9660431843 12.8492452880 0.0000000000 0.0000000000 0.0000000000 1.0000000000 1.0000000000 1.0000000000 1
8.4321711582 3.6403800947 7.9668180580 0.0000000000 0.0000000000 0.0000000000 1.0000000000 1.0000000000 1.0000000000 0
5.7504631413 4.1083908320 10.5253466771 0.0000000000 0.0000000000 0.0000000000 1.0000000000 1.0000000000 1.0000000000 1
7.7429891667 3.4899275149 1.3228801240 0.0000000000 0.0000000000 0.0000000000 1.0000000000 1.0000000000 1.0000000000 0
9.8691234703 9.2057379387 4.3277208210 0.0000000000 0.0000000000 0.0000000000 1.0000000000 1.0000000000 1.0000000000 1
3.0904313819 6.8064340910 1.4799884809 0.0000000000 0.0000000000 0.0000000000 1.0000000000 1.0000000000 1.0000000000 1
2.8070891771 5.2588353775 4.8317432628 0.0000000000 0.0000000000 0.0000000000 1.0000000000 1.0000000000 1.0000000000 1
0.0686104900 3.8990419297 18.4772179807 0.0000000000 0.0000000000 0.0000000000 1.0000000000 1.0000000000 1.0000000000 1
3.3867176307 1.5246390429 3.7332305113 0.0000000000 0.0000000000 0.0000000000 1.0000000000 1.0000000000 1.0000000000 0
1.1460131168 9.6292355454 4.5071925089 0.0000000000 0.0000000000 0.0000000000 1.0000000000 1.0000000000 1.0000000000 1
4.7383956425 0.7175884003 0.0065458317 0.0000000000 0.0000000000 0.0000000000 1.0000000000 1.0000000000 1.0000000000 1
0.7951764590 2.2675605482 8.5172927212 0.0000000000 0.0000000000 0.0000000000 1.0000000000 1.0000000000 1.0000000000 1
5.2894824342 10.8007970690 2.2576660874 0.0000000000 0.0000000000 0.0000000000 1.0000000000 1.0000000000 1.0000000000 1
4.8674374604 10.0299748794 19.9264840855 0.0000000000 0.0000000000 0.0000000000 1.0000000000 1.0000000000 1.0000000000 0
8.5133813943 4.1388477707 16.0287178102 0.0000000000 0.0000000000 0.0000000000 1.0000000000 1.0000000000 1.0000000000 1
9.0860524256 4.7367556586 16.5335134795 0.0000000000 0.0000000000 0.0000000000 1.0000000000 1.0000000000 1.0000000000 1
10.2565986929 3.9765952120 16.7751963697 0.0000000000 0.0000000000 0.0000000000 1.0000000000 1.0000000000 1.0000000000 1
1.1542989815 9.7045636122 0.4749443143 0.0000000000 0.0000000000 0.0000000000 1.0000000000 1.0000000000 1.0000000000 0
9.7510906363 1.4091652525 13.8464092645 0.0000000000 0.0000000000 0.0000000000 1.0000000000 1.0000000000 1.0000000000 1
7.4460237049 3.8978028147 16.0094241920 0.0000000000 0.0000000000 0.0000000000 1.0000000000 1.0000000000 1.0000000000 1
0.4466790763 0.7613495063 0.9252521267 0.0000000000 0.0000000000 0.0000000000 1.0000000000 1.0000000000 1.0000000000 0
2.7826084873 5.0424920198 19.0939931817 0.0000000000 0.0000000000 0.0000000000 1.0000000000 1.0000000000 1.0000000000 1
9.8685611543 6.3342500475 14.5711207631 0.0000000000 0.0000000000 0.0000000000 1.0000000000 1.0000000000 1.0000000000 1
3.5226062348 10.8680153621 15.2485000496 0.0000000000 0.0000000000 0.0000000000 1.0000000000 1.0000000000 1.0000000000 1
8.5297985040 2.0771940318 3.6023463181 0.0000000000 0.0000000000 0.0000000000 1.0000000000 1.0000000000 1.0000000000 0
6.9382823099 4.6252340627 2.2304256210 0.0000000000 0.0000000000 0.0000000000 1.0000000000 1.0000000000 1.0000000000 1
10.0708178363 5.2338086745 10.3898569477 0.0000000000 0.0000000000 0.0000000000 1.0000000000 1.0000000000 1.0000000000 1
7.8165969151 0.4271853268 4.4288997977 0.0000000000 0.0000000000 0.0000000000 1.0000000000 1.0000000000 1.0000000000 1
2.0017695534 5.0421550858 0.2258163532 0.0000000000 0.0000000000 0.0000000000 1.0000000000 1.0000000000 1.0000000000 0
7.6209705043 10.1377931191 1.1591689624 0.0000000000 0.0000000000 0.0000000000 1.0000000000 1.0000000000 1.0000000000 1
0.3090791310 2.9564990159 2.1426866061 0.0000000000 0.0000000000 0.0000000000 1.0000000000 1.0000000000 1.0000000000 1
5.4761234891 0.1318657503 4.5776116804 0.0000000000 0.0000000000 0.0000000000 1.0000000000 1.0000000000 1.0000000000 1
5.0070208384 7.0311175198 2.3674818703 0.0000000000 0.0000000000 0.0000000000 1.0000000000 1.0000000000 1.0000000000 0
10.1095139433 5.3000270055 13.9614736723 0.0000000000 0.0000000000 0.0000000000 1.0000000000 1.0000000000 1.0000000000 1
6.2229748248 3.8802281893 0.9007012640 0.0000000000 0.0000000000 0.0000000000 1.0000000000 1.0000000000 1.0000000000 0
9.9002076093 7.9577703146 4.6132870072 0.0000000000 0.0000000000 0.0000000000 1.0000000000 1.0000000000 1.0000000000 1
5.2265596042 7.2838388332 15.7127240741 0.0000000000 0.0000000000 0.0000000000 1.0000000000 1.0000000000 1.0000000000 1
6.7526103647 6.7874241694 1.2931363424 0.0000000000 0.0000000000 0.0000000000 1.0000000000 1.0000000000 1.0000000000 0
1.1751742110 1.8687920871 0.6727913562 0.0000000000 0.0000000000 0.0000000000 1.0000000000 1.0000000000 1.0000000000 1
8.7501443724 0.0984974573 19.1169836001 0.0000000000 0.0000000000 0.0000000000 1.0000000000 1.0000000000 1.0000000000 1
7.6745854583 4.3140294164 8.9410389052 0.0000000000 0.0000000000 0.0000000000 1.0000000000 1.0000000000 1.0000000000 1
6.1987580871 0.2708633347 11.9303953334 0.0000000000 0.0000000000 0.0000000000 1.0000000000 1.0000000000 1.0000000000 1
10.3814934420 10.6584642722 3.8527190577 0.0000000000 0.0000000000 0.0000000000 1.0000000000 1.0000000000 1.0000000000 0
7.5383817344 2.9520290369 15.6998518068 0.0000000000 0.0000000000 0.0000000000 1.0000000000 1.0000000000 1.0000000000 1
6.3035996280 6.0767957363 2.4109044771 0.0000000000 0.0000000000 0.0000000000 1.0000000000 1.0000000000 1.0000000000 0
3.3477367141 4.8550891829 1.7732741038 0.0000000000 0.0000000000 0.0000000000 1.0000000000 1.0000000000 1.0000000000 1
6.2797055542 2.8911550103 1.2760774484 0.0000000000 0.0000000000 0.0000000000 1.0000000000 1.0000000000 1.0000000000 0
8.9984395366 9.0170291493 17.2285665879 0.0000000000 0.0000000000 0.0000000000 1.0000000000 1.0000000000 1.0000000000 1
7.1895587130 7.4071202430 3.5621561347 0.0000000000 0.0000000000 0.0000000000 1.0000000000 1.0000000000 1.0000000000 0
8.1277076371 0.4351212361 9.5180331920 0.0000000000 0.0000000000 0.0000000000 1.0000000000 1.0000000000 1.0000000000 1
5.7791471436 5.8517369829 16.0975703886 0.0000000000 0.0000000000 0.0000000000 1.0000000000 1.0000000000 1.0000000000 1
7.9345436988 8.2919896190 0.9909879350 0.0000000000 0.0000000000 0.0000000000 1.0000000000 1.0000000000 1.0000000000 0
8.5021970057 4.0807084192 17.6709407571 0.0000000000 0.0000000000 0.0000000000 1.0000000000 1.0000000000 1.0000000000 1
8.0979633837 7.1720695849 16.7536650598 0.0000000000 0.0000000000 0.0000000000 1.0000000000 1.0000000000 1.0000000000 1
10.8022739709 8.5922381075 8.0138098394 0.0000000000 0.0000000000 0.0000000000 1.0000000000 1.0000000000 1.0000000000 1
2.2487646121 1.4776056463 15.4597386580 0.0000000000 0.0000000000 0.0000000000 1.0000000000 1.0000000000 1.0000000000 1
3.0926293386 10.7853910665 12.3940868099 0.0000000000 0.0000000000 0.0000000000 1.0000000000 1.0000000000 1.0000000000 1
0.3361506623 3.6568715713 13.5169481658 0.0000000000 0.0000000000 0.0000000000 1.0000000000 1.0000000000 1.0000000000 1
